50  10  1
10
	0	3	1	92	2	53	3	97	4	49	5	54	6	86	7	54	8	14	9	36
	0	41	1	36	2	59	3	60	4	53	5	40	6	29	7	86	8	87	9	75
	0	76	1	58	2	50	3	9	4	94	5	87	6	20	7	78	8	38	9	83
	0	70	1	69	2	40	3	41	4	11	5	3	6	45	7	40	8	90	9	11
	0	26	1	35	2	21	3	35	4	52	5	26	6	27	7	29	8	23	9	32
	0	27	1	33	2	87	3	29	4	88	5	39	6	15	7	7	8	36	9	80
	0	94	1	65	2	94	3	6	4	47	5	48	6	76	7	35	8	21	9	86
	0	85	1	80	2	86	3	9	4	64	5	100	6	25	7	31	8	11	9	34
	0	31	1	25	2	64	3	88	4	21	5	47	6	1	7	14	8	45	9	74
	0	21	1	93	2	49	3	54	4	9	5	90	6	15	7	1	8	77	9	77
	0	85	1	71	2	54	3	15	4	54	5	100	6	68	7	54	8	76	9	2
	0	25	1	91	2	24	3	48	4	1	5	85	6	4	7	75	8	80	9	40
	0	96	1	99	2	20	3	77	4	93	5	33	6	22	7	83	8	42	9	27
	0	40	1	89	2	30	3	88	4	51	5	23	6	48	7	38	8	74	9	45
	0	33	1	29	2	8	3	38	4	77	5	23	6	34	7	50	8	44	9	87
	0	92	1	73	2	44	3	83	4	21	5	21	6	46	7	50	8	57	9	48
	0	33	1	94	2	83	3	10	4	28	5	45	6	100	7	62	8	47	9	43
	0	69	1	47	2	62	3	67	4	22	5	15	6	76	7	11	8	57	9	83
	0	30	1	72	2	68	3	23	4	17	5	15	6	60	7	36	8	65	9	16
	0	60	1	50	2	4	3	6	4	23	5	52	6	36	7	63	8	96	9	41
	0	82	1	25	2	88	3	63	4	59	5	35	6	46	7	63	8	14	9	12
	0	57	1	60	2	37	3	35	4	15	5	50	6	4	7	75	8	19	9	63
	0	37	1	9	2	96	3	57	4	74	5	9	6	69	7	6	8	95	9	77
	0	3	1	21	2	48	3	82	4	8	5	22	6	52	7	15	8	82	9	24
	0	89	1	66	2	17	3	36	4	19	5	91	6	6	7	65	8	52	9	29
	0	21	1	70	2	82	3	66	4	53	5	37	6	73	7	86	8	28	9	40
	0	27	1	37	2	56	3	15	4	94	5	1	6	52	7	77	8	3	9	53
	0	51	1	43	2	12	3	49	4	16	5	42	6	16	7	74	8	88	9	31
	0	63	1	34	2	40	3	48	4	53	5	92	6	35	7	59	8	38	9	59
	0	2	1	96	2	36	3	7	4	61	5	86	6	27	7	58	8	90	9	11
	0	7	1	62	2	95	3	64	4	97	5	81	6	29	7	82	8	50	9	28
	0	75	1	63	2	100	3	37	4	90	5	17	6	37	7	54	8	71	9	95
	0	14	1	91	2	85	3	95	4	10	5	64	6	93	7	50	8	13	9	18
	0	34	1	31	2	91	3	15	4	76	5	37	6	68	7	16	8	23	9	42
	0	24	1	14	2	54	3	29	4	82	5	72	6	35	7	25	8	53	9	86
	0	8	1	18	2	54	3	82	4	71	5	34	6	22	7	99	8	97	9	74
	0	76	1	36	2	46	3	72	4	16	5	51	6	75	7	8	8	57	9	51
	0	63	1	81	2	27	3	4	4	80	5	45	6	86	7	62	8	80	9	43
	0	51	1	82	2	12	3	3	4	18	5	72	6	47	7	85	8	24	9	20
	0	92	1	78	2	96	3	56	4	29	5	95	6	75	7	75	8	96	9	29
	0	4	1	20	2	10	3	35	4	27	5	87	6	79	7	81	8	48	9	22
	0	79	1	71	2	17	3	2	4	71	5	26	6	74	7	41	8	95	9	99
	0	52	1	44	2	62	3	30	4	13	5	9	6	33	7	88	8	93	9	52
	0	62	1	51	2	55	3	96	4	18	5	18	6	79	7	65	8	49	9	59
	0	60	1	52	2	29	3	35	4	69	5	71	6	94	7	64	8	99	9	6
	0	92	1	2	2	26	3	7	4	64	5	54	6	23	7	18	8	55	9	65
	0	30	1	14	2	15	3	28	4	65	5	92	6	38	7	20	8	17	9	53
	0	57	1	50	2	73	3	45	4	72	5	88	6	55	7	78	8	9	9	98
	0	77	1	24	2	12	3	96	4	49	5	56	6	27	7	22	8	82	9	92
	0	33	1	66	2	77	3	55	4	19	5	16	6	98	7	60	8	16	9	5
SSD
M0
0	75	101	49	99	119	99	122	10	73	91	79	8	122	114	28	77	5	66	58	75	1	40	69	74	72	45	72	86	29	112	114	22	13	117	6	29	117	32	50	2	121	92	36	91	79	56	110	68	75
92	0	114	55	63	34	65	49	39	100	45	60	26	16	4	96	63	62	37	10	116	52	96	1	22	76	115	102	99	71	85	10	84	13	1	3	74	68	2	32	106	92	97	15	94	119	101	98	61	25
80	16	0	92	93	41	80	3	97	80	24	78	52	21	37	74	80	100	19	16	100	29	82	54	87	35	27	103	60	65	119	68	114	33	85	95	77	97	96	80	42	93	88	43	64	103	8	64	69	15
16	68	77	0	106	41	77	102	65	50	54	20	50	95	124	79	5	71	123	34	33	65	64	1	91	31	34	96	15	1	55	20	53	97	108	54	1	35	36	113	43	40	84	107	76	58	124	64	72	14
119	107	48	33	0	54	19	39	91	97	63	55	63	22	114	114	57	84	74	33	96	81	50	101	78	90	103	36	11	67	104	20	21	100	53	26	82	66	98	49	9	42	50	19	89	47	54	62	2	19
41	83	42	31	47	0	23	1	103	88	64	50	52	3	99	14	31	110	28	78	31	69	10	25	61	68	69	70	63	57	95	104	5	93	87	96	118	67	115	19	42	65	40	122	35	79	22	101	71	8
50	42	48	93	87	7	0	106	54	114	91	108	108	3	99	83	110	36	19	118	33	87	94	80	89	87	16	74	47	89	83	79	82	20	30	5	36	94	77	17	113	56	83	76	87	34	40	117	78	104
99	96	67	47	68	31	10	0	73	116	80	14	64	76	112	35	45	7	82	92	122	107	13	31	41	73	83	14	29	39	43	97	22	38	35	2	5	34	87	103	110	31	70	101	49	7	46	51	41	94
1	41	37	97	76	11	83	60	0	104	51	39	28	117	2	77	67	80	119	117	84	82	69	55	85	37	75	106	118	82	54	104	73	22	111	102	49	75	60	68	11	91	6	77	124	47	114	112	77	47
37	73	66	104	31	7	78	78	95	0	15	93	116	77	13	7	73	115	112	90	10	105	123	115	99	76	122	14	106	119	30	118	40	74	80	77	5	34	60	27	19	87	14	55	120	15	102	117	124	70
8	100	17	1	122	34	38	104	113	67	0	22	59	35	22	78	6	123	92	18	51	53	45	39	120	56	64	11	124	15	35	61	72	4	88	116	23	56	22	44	73	80	98	90	90	17	29	100	62	91
90	14	100	69	94	47	30	58	121	25	24	0	73	47	57	47	95	62	90	120	36	55	107	109	13	108	55	106	46	38	83	54	19	48	119	2	58	102	54	45	23	43	101	66	31	101	81	2	50	35
103	45	42	81	74	106	115	39	107	108	124	106	0	45	122	92	72	102	120	93	98	49	37	43	82	122	93	77	53	17	24	34	17	80	92	47	18	16	101	54	22	12	89	62	72	47	112	25	21	109
124	112	76	2	20	46	60	45	56	78	39	36	29	0	118	26	82	110	22	3	109	23	84	1	103	23	96	61	63	74	53	5	49	103	52	6	107	26	52	110	22	17	84	104	104	15	21	77	53	119
51	21	11	67	48	111	41	121	27	103	111	14	66	9	0	90	70	87	73	44	104	39	55	28	27	77	81	103	59	111	66	73	64	94	26	102	74	2	54	54	86	80	14	124	18	102	22	37	88	19
64	88	70	76	32	111	120	95	79	80	67	35	14	105	62	0	99	70	120	25	87	89	71	99	43	16	76	1	100	37	75	19	11	107	123	11	69	119	19	70	107	120	123	28	86	66	1	32	13	48
33	45	37	49	91	85	7	114	105	84	23	44	29	22	100	54	0	11	25	12	83	65	10	17	10	110	8	85	124	115	62	24	77	31	26	44	72	63	75	119	100	19	94	111	40	105	57	66	99	89
108	111	4	17	58	30	83	87	29	5	91	70	45	65	121	39	2	0	17	118	5	88	87	45	38	62	5	20	22	7	59	35	53	25	38	28	84	72	36	85	16	68	89	118	118	42	63	111	82	24
75	83	8	6	45	54	51	98	118	106	5	53	94	123	72	51	49	114	0	52	20	107	46	22	60	112	114	22	43	66	79	41	39	50	52	111	68	63	18	111	21	19	53	41	51	62	97	48	110	113
39	28	102	122	27	24	16	119	109	54	81	112	23	23	8	114	51	53	5	0	16	106	65	99	47	109	3	31	91	38	108	19	42	14	63	13	15	122	106	27	59	14	122	118	113	37	114	36	25	45
15	29	84	26	47	60	68	32	21	70	59	116	110	107	104	69	35	50	27	86	0	20	19	30	114	20	39	98	65	6	120	5	62	4	93	8	16	108	86	99	75	111	46	85	105	15	102	36	46	17
3	80	79	55	116	29	75	48	25	88	17	115	27	112	73	96	8	80	96	93	63	0	60	122	50	10	33	120	11	119	32	102	28	21	30	47	43	30	79	61	19	58	101	26	90	37	119	109	69	72
30	73	12	82	16	61	122	60	10	122	17	45	4	84	37	113	38	90	109	46	107	114	0	5	43	25	70	57	76	13	20	19	71	14	34	36	66	60	26	123	97	118	44	52	31	74	29	83	28	70
96	41	33	61	30	86	60	112	98	119	87	114	90	116	26	121	100	9	16	61	33	109	67	0	80	39	118	123	79	36	30	122	28	110	45	64	41	104	105	111	114	32	109	30	85	48	102	68	124	52
62	14	39	97	19	92	109	104	67	10	66	22	61	115	116	82	116	42	47	11	38	123	26	9	0	89	9	49	59	43	67	102	77	118	97	36	111	53	91	42	86	106	21	48	89	58	88	99	124	43
76	104	49	119	74	82	16	97	18	92	104	74	4	64	21	17	8	123	96	44	33	81	50	46	4	0	123	33	100	107	45	6	28	103	16	22	95	110	17	11	29	70	16	102	29	92	76	13	13	67
22	74	87	62	50	30	50	75	104	85	89	102	80	28	65	19	105	107	95	58	55	45	4	72	81	39	0	64	38	12	89	27	53	99	68	38	117	15	34	10	117	17	46	123	111	12	25	66	44	102
113	12	37	43	17	122	72	14	87	34	28	50	72	22	72	4	104	8	66	36	39	46	32	98	27	122	37	0	79	116	106	108	7	97	116	94	69	46	90	10	2	110	112	113	53	64	124	63	30	85
120	72	46	117	9	111	50	78	81	15	78	79	53	96	98	118	71	74	93	95	87	94	71	36	49	81	63	78	0	6	43	124	42	10	98	91	64	101	42	36	68	64	44	112	96	65	95	53	114	45
121	67	102	27	51	87	106	38	78	56	33	124	108	11	4	69	31	93	18	4	28	58	50	83	109	91	14	92	26	0	76	25	91	53	63	96	46	123	1	4	97	116	62	9	106	62	59	7	75	56
88	88	1	39	80	22	100	59	104	79	123	10	21	39	24	109	22	79	14	74	101	98	67	64	44	115	120	38	44	85	0	66	34	107	106	107	64	31	40	21	98	49	80	66	3	16	101	43	82	3
25	26	55	18	77	109	29	23	124	123	122	14	28	90	121	53	124	64	109	49	106	74	48	6	82	117	38	90	31	104	59	0	61	124	33	112	90	63	82	104	73	87	115	109	40	122	77	27	69	39
91	74	114	33	62	86	109	62	16	104	51	25	54	54	120	43	87	61	122	121	43	120	78	90	11	120	98	37	95	5	45	92	0	14	1	43	72	110	7	52	29	41	21	101	31	117	3	97	39	97
107	6	7	120	18	103	4	16	109	63	64	96	111	113	124	9	70	113	43	38	86	84	24	14	63	98	1	34	16	30	94	72	100	0	93	37	17	99	20	103	3	109	82	124	42	75	29	68	106	111
68	76	114	89	11	123	45	85	48	12	51	4	71	33	2	31	79	94	4	29	4	77	10	109	83	16	27	48	37	80	66	93	111	117	0	55	16	68	61	37	20	106	18	50	47	124	28	103	33	117
2	52	79	41	18	117	50	15	37	32	106	3	35	2	3	37	54	24	104	52	103	59	9	80	101	49	30	81	95	72	9	76	21	81	15	0	47	53	69	82	102	114	50	1	37	29	5	92	99	84
5	77	62	51	94	20	53	96	73	8	81	99	82	3	36	102	79	81	119	93	28	58	99	51	79	29	117	5	19	10	19	100	56	19	6	110	0	46	103	7	87	36	84	7	122	39	77	40	13	110
13	39	81	70	37	31	28	6	40	94	1	93	45	99	54	57	124	96	25	102	15	74	36	106	39	108	96	71	60	96	81	58	31	15	119	64	31	0	75	100	98	55	58	24	7	5	111	89	85	78
106	69	123	88	39	33	93	74	8	44	41	50	49	77	5	91	65	93	44	10	58	79	14	20	97	54	12	87	39	40	40	48	110	49	8	113	85	44	0	60	64	69	86	36	35	80	85	105	12	14
45	85	22	83	25	41	53	40	42	94	13	74	53	18	62	119	58	68	86	48	37	84	61	26	66	122	24	86	4	85	97	117	52	55	70	29	1	102	72	0	88	33	91	13	2	90	63	14	72	93
37	80	35	108	124	37	107	45	97	41	48	46	118	13	64	97	110	115	49	70	10	46	59	43	69	91	67	53	40	29	92	64	60	2	58	103	28	16	35	55	0	109	3	39	112	76	36	96	75	74
70	72	52	79	113	17	59	73	18	104	33	15	98	107	35	75	85	27	123	23	67	25	101	36	94	91	47	27	54	17	37	61	53	53	14	16	90	18	39	124	80	0	35	59	120	70	103	105	61	22
3	18	99	63	39	33	107	20	78	5	110	68	57	65	101	15	95	27	33	89	114	37	101	83	118	101	67	33	122	31	38	81	70	15	7	47	30	44	35	121	84	82	0	40	63	6	28	18	107	80
38	102	23	101	76	108	98	78	69	9	57	14	104	66	114	93	95	5	111	73	51	7	15	31	63	101	12	84	76	46	67	39	123	83	101	18	26	104	92	97	62	48	79	0	56	22	121	52	83	115
111	24	110	65	62	78	55	49	26	122	69	20	90	82	26	109	93	86	23	103	27	48	76	116	110	19	87	17	98	29	76	59	105	99	79	69	98	85	5	77	118	89	46	73	0	95	47	123	74	9
35	21	119	41	89	1	85	66	32	2	102	54	11	12	37	27	76	36	15	114	76	66	2	6	95	29	113	47	62	63	97	92	54	31	105	41	110	69	12	111	13	122	78	89	44	0	101	38	48	119
30	76	86	109	14	116	13	57	91	49	95	55	101	14	115	53	72	64	25	22	68	2	12	91	84	25	94	4	85	50	102	66	107	24	95	10	84	28	36	4	111	71	59	38	22	31	0	111	109	28
94	93	1	123	99	105	7	73	57	1	97	101	66	7	50	56	95	75	120	102	32	42	74	26	29	47	97	7	110	119	102	28	15	76	118	72	43	54	112	85	73	33	108	64	79	89	8	0	34	3
65	52	107	117	74	22	75	57	83	31	15	91	67	86	71	115	33	88	89	5	92	122	48	2	77	30	38	85	62	46	67	53	79	58	98	82	119	84	60	70	108	87	29	64	16	37	25	32	0	123
16	65	100	24	110	69	59	66	58	114	82	22	74	52	22	113	35	41	44	113	110	84	19	103	97	58	119	35	104	2	119	114	24	99	8	102	12	64	117	94	93	33	69	77	48	4	33	17	21	0
M1
0	109	57	64	61	61	10	92	94	14	103	80	113	107	81	124	5	8	96	27	1	4	80	48	116	59	47	92	96	58	55	115	71	70	113	52	7	84	59	13	70	78	112	117	62	67	89	2	115	65
47	0	72	110	42	14	105	65	109	20	71	24	91	27	89	10	24	24	103	8	54	92	94	93	89	117	120	122	99	37	69	33	14	107	80	111	15	14	111	80	2	117	23	57	102	107	97	53	37	36
68	107	0	53	64	108	65	30	95	76	15	44	38	10	76	56	90	95	9	62	85	75	8	76	98	93	99	82	54	28	59	13	86	117	86	94	92	116	91	38	22	103	10	107	52	103	81	106	119	104
47	9	17	0	47	26	77	95	65	99	18	91	121	30	66	53	121	87	122	74	96	106	24	3	80	51	116	10	113	28	46	13	46	78	108	5	120	15	22	120	101	57	13	42	96	109	27	2	22	114
16	66	66	1	0	51	17	22	5	18	62	29	35	89	23	52	70	48	29	52	61	78	62	5	21	42	75	27	84	61	64	80	31	82	35	85	120	79	49	76	37	124	82	69	119	41	95	79	98	71
101	17	83	64	60	0	83	86	74	77	88	9	49	59	10	65	63	103	6	17	98	83	28	113	123	35	54	61	45	113	32	100	102	20	104	77	75	6	32	25	72	33	61	78	83	122	91	52	5	52
94	69	119	105	45	122	0	65	111	37	34	80	26	9	2	123	112	71	119	105	44	56	31	115	22	79	8	93	78	57	67	10	71	33	113	58	105	55	2	124	93	44	106	90	94	58	87	48	117	88
118	49	70	119	97	32	95	0	4	29	99	65	84	46	114	9	45	66	100	74	122	113	91	111	85	111	106	22	51	5	94	55	119	60	77	107	71	16	16	24	51	16	80	35	48	34	35	120	22	49
88	4	68	116	2	15	20	27	0	121	75	53	13	40	105	43	12	10	56	21	4	6	50	40	111	107	8	19	64	45	71	18	12	9	14	100	96	11	2	62	96	94	85	80	105	92	103	30	121	67
68	85	74	59	11	18	99	87	64	0	18	31	100	57	6	110	4	100	62	60	18	111	32	82	68	71	94	14	17	46	41	116	121	47	19	43	105	90	11	32	14	99	12	64	87	61	122	82	112	14
54	64	40	108	99	14	50	120	4	81	0	9	87	79	54	70	23	85	20	64	66	23	103	95	77	39	32	74	95	48	117	26	3	63	89	90	99	41	64	12	5	40	10	72	37	61	72	85	29	56
43	101	65	38	27	4	21	86	36	61	83	0	2	113	85	70	86	41	50	39	108	48	12	65	7	115	17	116	71	13	112	100	90	71	3	56	17	33	120	21	86	42	104	103	119	46	32	95	5	121
44	101	35	47	71	78	30	75	82	79	110	48	0	2	23	104	114	46	105	25	116	43	105	46	124	68	21	79	96	8	85	84	83	68	57	30	36	48	13	58	51	68	85	94	58	1	85	26	104	5
124	106	45	81	120	43	96	122	106	97	26	55	47	0	101	101	109	22	35	9	16	26	111	66	78	80	105	122	9	79	41	24	21	122	33	99	7	97	101	7	117	40	58	53	116	117	91	27	28	82
90	99	9	89	33	8	24	42	18	33	73	45	97	28	0	104	76	55	80	54	10	70	14	87	36	12	97	36	57	98	8	50	46	93	85	25	113	111	121	123	105	118	29	21	29	27	69	14	61	27
56	48	20	118	15	122	88	50	37	55	6	54	115	21	65	0	44	13	25	75	85	16	25	66	114	61	74	76	44	28	120	119	32	111	24	102	114	17	118	104	54	78	69	105	22	97	32	16	44	69
57	13	14	34	61	124	2	31	110	110	2	79	45	19	6	98	0	104	50	121	13	29	20	72	9	122	122	78	122	43	114	52	85	9	33	28	8	118	19	67	48	30	57	10	75	25	119	112	15	3
93	27	109	114	56	68	69	34	79	56	36	7	53	2	33	104	52	0	82	4	17	16	15	50	8	94	63	39	42	4	121	121	18	27	39	22	65	92	47	83	24	119	50	104	121	117	57	29	30	55
79	75	8	42	87	56	121	25	43	45	72	97	29	75	37	84	64	79	0	4	42	55	77	87	20	39	20	79	64	110	81	62	89	115	12	23	60	72	38	97	30	88	90	86	50	60	49	35	65	80
94	112	98	54	34	120	55	11	23	66	119	34	90	63	18	112	90	52	61	0	44	51	63	43	100	95	48	105	44	108	77	83	14	117	124	117	47	16	45	3	91	27	12	107	49	100	108	17	64	72
16	73	120	102	46	124	113	31	41	103	38	87	63	64	112	61	85	110	79	39	0	57	19	36	120	91	71	111	45	113	77	35	81	18	30	86	33	99	86	47	39	19	103	77	85	106	3	72	73	94
121	109	78	3	9	114	65	98	26	26	6	79	5	38	102	91	25	14	10	51	116	0	79	64	52	12	51	97	36	79	34	38	56	104	15	59	6	7	104	47	69	80	78	76	95	45	33	106	77	60
20	32	5	32	24	96	82	80	78	9	15	39	89	75	60	47	87	114	88	48	43	50	0	37	66	30	120	88	8	51	52	124	43	11	53	91	26	81	51	44	32	5	98	46	69	24	44	1	92	34
83	48	46	102	107	27	35	1	21	75	16	73	9	60	43	58	108	88	41	83	17	117	59	0	30	38	96	44	72	36	79	45	105	8	84	39	90	51	59	9	83	51	34	8	26	30	21	36	27	62
51	27	123	8	101	75	83	16	92	28	41	7	53	114	91	11	45	70	72	14	24	105	102	1	0	30	112	32	33	74	29	69	106	61	55	55	84	37	90	70	113	53	25	60	22	111	46	72	45	56
56	2	48	53	38	110	56	93	23	39	46	93	66	8	18	98	77	115	106	86	85	3	55	80	102	0	78	9	1	117	46	19	16	44	88	9	25	117	15	41	90	118	64	82	11	97	78	25	44	45
53	110	30	10	118	81	117	20	121	7	25	14	52	46	99	79	53	49	61	121	72	52	100	97	74	20	0	63	105	58	61	54	40	123	52	19	36	11	77	69	98	34	40	41	80	42	68	8	87	4
117	27	53	23	75	43	95	107	93	43	108	16	17	62	17	95	65	71	56	124	69	54	100	108	119	92	67	0	14	110	92	120	54	92	32	7	83	114	47	61	23	27	53	31	60	112	24	59	119	79
76	59	11	102	27	101	86	119	26	12	2	25	103	104	80	21	57	51	71	66	82	11	3	30	124	80	93	21	0	48	4	107	75	40	2	70	112	33	116	28	23	120	106	84	120	68	96	92	1	73
98	38	95	79	23	54	48	96	124	56	123	17	61	106	80	89	65	62	54	77	102	70	49	87	78	5	37	38	28	0	111	54	49	32	8	10	58	115	2	15	113	62	56	5	89	72	46	47	95	24
95	25	6	77	44	32	70	63	47	115	91	83	40	1	71	81	113	7	1	122	121	96	5	77	116	78	74	3	118	101	0	47	123	8	14	124	1	103	38	17	102	37	31	80	72	44	86	94	70	88
56	102	66	10	75	28	9	53	90	56	71	24	44	55	81	116	28	79	22	99	121	58	25	90	37	8	60	48	102	69	47	0	20	15	21	33	84	91	123	107	94	115	20	122	97	98	95	83	93	93
104	101	82	74	8	62	114	93	28	109	109	16	63	25	98	13	2	50	87	22	38	31	15	60	99	3	59	36	17	39	87	1	0	20	19	47	47	108	109	59	112	70	38	49	93	16	118	119	68	4
81	81	105	77	94	124	32	80	63	15	55	35	75	99	61	109	114	62	53	38	92	37	89	88	40	68	25	109	34	106	94	74	34	0	78	69	99	21	29	98	25	29	78	24	110	43	111	102	120	45
19	92	27	94	79	97	63	60	7	47	19	75	60	21	98	3	35	123	22	69	121	29	18	2	123	113	73	12	84	93	13	32	4	27	0	115	108	7	42	122	48	87	73	41	17	86	46	47	20	107
90	70	29	89	49	47	88	36	40	120	23	79	22	83	108	52	77	25	36	59	31	49	76	43	64	89	102	19	9	105	61	23	30	22	97	0	33	89	123	20	83	70	73	85	15	19	94	2	22	77
31	58	12	5	23	98	116	31	73	49	43	18	49	38	80	112	91	8	95	36	35	31	46	22	115	59	34	106	17	123	92	98	93	20	61	106	0	2	67	59	30	21	42	77	73	111	54	28	120	46
24	85	103	94	105	86	7	55	22	13	75	39	79	16	70	103	45	68	61	89	62	10	46	78	113	14	68	118	26	58	71	86	70	102	88	15	108	0	2	64	67	20	52	108	60	36	115	36	8	42
58	49	46	43	113	108	13	17	101	38	106	60	65	94	94	101	39	116	34	29	102	31	70	75	107	32	66	100	39	25	60	77	98	79	27	92	28	49	0	83	99	66	35	75	77	11	56	8	107	75
20	43	107	79	43	104	51	113	63	7	70	4	52	72	2	49	116	91	47	44	120	45	56	112	7	112	63	56	59	72	111	59	81	78	89	11	36	76	33	0	108	63	47	57	52	117	35	72	58	81
72	120	88	2	22	51	49	40	18	66	60	65	90	45	5	45	82	94	109	116	13	78	108	35	60	110	45	87	123	81	67	96	79	29	96	44	7	95	37	115	0	56	78	78	26	45	120	91	105	19
119	96	68	61	88	108	123	12	96	46	58	67	101	57	119	118	112	15	23	110	44	91	107	78	26	113	1	100	85	41	40	4	41	79	96	110	62	80	119	77	70	0	60	115	29	117	52	58	103	93
49	13	64	100	82	31	24	27	115	38	104	96	115	79	52	108	50	82	46	92	102	78	22	25	44	83	101	19	113	29	90	65	38	12	94	61	106	46	44	16	107	47	0	85	92	116	34	82	75	9
78	119	117	104	72	73	20	25	18	62	105	97	101	42	2	83	66	44	70	114	77	5	113	58	48	3	44	15	47	34	73	93	63	80	49	120	67	45	52	100	89	116	83	0	24	51	67	5	44	23
2	116	37	68	108	7	10	46	123	81	68	89	124	109	73	63	44	16	39	49	91	60	70	79	29	69	80	108	53	48	39	26	50	34	30	106	21	72	77	35	21	119	78	87	0	96	67	104	28	122
119	98	18	78	46	51	4	119	86	119	84	37	113	73	19	17	4	105	46	121	123	70	118	74	102	14	47	94	83	102	82	45	59	20	117	84	75	109	116	15	66	34	117	78	56	0	37	118	96	51
4	7	1	42	124	13	96	12	5	57	34	45	118	24	36	124	1	10	27	29	11	33	24	99	10	55	16	108	76	117	104	49	68	4	89	21	70	43	79	110	102	33	110	94	86	74	0	64	81	92
123	35	102	89	103	13	59	22	72	86	6	102	104	99	89	120	68	29	70	59	24	73	68	22	96	43	121	75	5	90	38	75	31	77	55	4	42	27	102	86	50	54	109	33	93	11	110	0	86	1
50	13	69	5	60	90	17	76	74	21	42	9	73	73	82	70	82	87	109	46	46	42	13	73	81	33	45	22	10	21	120	115	95	110	23	20	77	39	12	2	101	65	73	81	88	113	100	98	0	70
87	84	51	105	102	24	59	107	19	78	2	14	75	103	123	72	66	38	92	95	61	94	112	44	25	20	13	78	56	96	115	22	7	53	103	46	40	10	3	96	57	79	67	58	124	23	2	97	22	0
M2
0	59	106	15	83	17	99	96	51	114	20	109	16	13	14	6	115	87	112	17	18	26	105	38	20	5	54	48	115	92	118	5	57	99	55	45	70	76	110	105	46	102	116	114	81	23	76	54	118	81
94	0	97	109	45	23	71	27	73	93	7	87	6	112	88	69	121	46	74	16	108	122	67	38	109	117	21	61	27	106	38	39	4	58	50	45	79	116	111	77	12	118	77	55	59	13	105	17	35	45
50	73	0	114	69	5	57	26	10	123	109	30	48	38	87	16	117	68	88	57	78	101	47	56	109	24	124	28	115	27	50	70	7	99	55	14	86	88	12	123	78	89	100	16	113	101	38	106	2	28
37	74	54	0	5	62	78	95	100	2	40	111	35	7	31	121	32	56	15	18	17	62	60	36	77	5	70	33	112	106	82	51	108	95	16	20	64	4	85	30	58	109	78	83	28	42	44	65	90	80
117	36	12	119	0	4	14	117	13	8	54	41	71	75	90	50	3	59	33	46	2	91	39	18	94	103	6	114	121	56	1	71	37	113	19	73	96	6	71	106	38	123	67	71	28	38	57	22	31	48
103	118	66	123	50	0	91	72	53	120	115	29	88	77	78	122	85	49	99	35	4	65	62	87	63	103	102	9	120	124	1	109	114	75	99	80	93	37	14	4	96	64	66	110	108	55	25	64	30	39
15	100	68	24	120	13	0	78	89	118	110	46	77	20	76	61	117	80	57	44	24	11	71	5	112	91	28	32	55	3	122	112	107	17	89	32	28	38	15	24	91	67	120	108	62	44	54	101	109	55
11	31	81	55	54	26	63	0	24	5	95	61	36	92	39	78	83	48	110	81	63	13	105	71	109	17	51	85	95	70	118	7	44	83	120	83	109	75	16	101	39	83	108	42	81	50	54	102	87	23
30	109	64	22	11	6	119	89	0	62	18	1	64	36	96	89	41	12	73	12	103	53	60	24	117	78	79	27	107	70	41	55	66	27	87	30	28	29	16	60	68	29	87	22	6	66	120	13	30	38
20	87	80	76	35	76	25	82	114	0	65	33	42	79	39	104	95	42	66	113	53	114	103	123	35	11	98	25	91	26	32	72	45	66	36	41	120	19	9	41	24	76	74	3	88	113	113	66	116	45
26	80	80	83	15	114	112	116	104	34	0	30	91	20	66	11	29	50	117	81	19	97	86	1	3	110	103	118	114	7	9	105	93	3	76	86	93	17	91	113	94	94	102	96	47	119	38	49	23	63
36	78	60	80	26	58	47	39	77	85	13	0	95	114	87	109	87	96	24	86	49	41	89	118	55	85	43	81	5	15	33	87	9	120	84	61	33	34	65	95	30	75	104	67	32	68	95	62	112	103
76	22	14	16	38	100	29	119	38	87	120	28	0	96	61	58	39	54	84	119	102	87	21	62	34	85	114	120	58	51	94	31	35	28	124	23	9	30	64	115	123	43	36	64	107	7	80	8	57	44
81	91	38	11	60	44	46	102	75	63	22	7	25	0	39	45	20	13	30	76	82	18	96	53	58	105	83	38	43	80	18	33	87	24	38	85	46	57	66	111	21	73	90	26	26	95	78	12	44	73
74	90	35	84	60	18	1	55	75	104	116	46	120	49	0	73	26	12	53	100	96	26	15	121	61	79	13	59	94	84	32	72	84	34	109	50	118	25	38	79	95	88	95	24	12	93	32	118	93	30
65	29	121	4	75	103	75	60	52	64	111	110	49	53	93	0	123	11	111	89	68	42	43	20	71	50	74	57	80	3	68	124	68	61	8	63	9	18	78	101	89	91	8	36	80	100	42	37	23	106
26	77	72	115	57	76	123	10	83	66	95	79	122	37	70	44	0	35	86	109	100	77	87	120	79	119	52	37	72	69	123	121	28	48	22	101	4	76	93	117	17	2	90	22	101	82	14	63	80	58
95	55	116	44	55	11	91	12	22	17	69	21	76	26	91	3	102	0	28	108	100	104	80	118	43	111	112	3	105	7	40	52	95	104	26	16	90	108	15	80	57	104	50	42	11	12	52	55	39	106
28	115	41	96	60	111	51	30	114	62	73	109	80	31	111	113	9	33	0	120	59	40	124	13	7	37	37	6	63	105	117	3	59	87	118	102	13	9	45	8	48	18	33	101	59	101	28	21	109	49
59	76	46	19	57	20	112	122	73	78	10	54	40	61	96	120	120	31	3	0	26	95	30	40	57	9	31	109	110	116	58	67	120	19	67	37	33	85	106	101	68	11	26	18	103	22	79	91	102	32
111	43	113	65	115	55	87	59	56	34	74	63	31	69	7	121	120	83	64	46	0	58	78	9	61	4	27	47	81	120	28	60	46	47	69	48	10	27	67	82	95	100	119	51	71	69	62	47	107	51
65	122	25	46	71	68	27	17	114	18	46	69	2	81	15	81	93	8	112	32	95	0	7	2	67	50	58	34	123	103	11	2	91	65	114	113	3	33	118	59	50	4	108	63	7	94	58	72	123	84
68	56	37	88	74	7	84	24	79	35	96	111	100	112	17	1	100	26	117	89	25	29	0	68	59	3	89	87	123	64	13	123	91	82	27	81	37	115	60	14	10	59	96	81	115	75	31	16	115	40
105	91	40	20	27	13	37	95	24	39	18	106	37	73	117	55	88	89	112	79	84	66	115	0	30	55	123	9	1	5	68	109	41	74	10	109	82	115	53	88	120	79	34	69	121	5	5	121	14	55
118	29	35	93	59	94	113	62	89	42	123	68	72	13	114	28	93	69	60	77	90	4	23	34	0	68	54	103	59	115	19	13	117	114	54	45	76	36	91	19	84	41	79	122	37	90	61	47	66	72
116	43	43	1	95	86	103	85	110	104	1	22	51	6	97	30	2	43	114	20	20	42	26	116	96	0	108	9	99	69	23	40	59	121	117	109	17	64	59	69	101	113	105	39	4	44	98	63	77	110
78	13	14	57	68	106	21	54	123	115	121	58	4	52	56	4	114	97	96	6	26	28	78	49	22	42	0	7	27	46	89	106	43	72	43	120	28	69	111	37	26	15	24	91	4	100	82	70	104	105
49	53	33	33	14	52	14	73	34	19	108	4	123	99	9	65	77	51	23	104	14	15	71	65	56	109	84	0	76	112	121	67	34	99	54	25	92	2	5	92	37	75	68	102	27	119	48	19	90	80
116	23	74	100	6	110	109	69	71	63	93	3	113	81	88	105	120	7	51	31	115	103	123	6	100	29	72	29	0	81	7	50	113	108	30	89	101	7	49	42	78	33	29	89	112	84	12	73	21	123
16	96	79	12	104	97	78	99	112	122	59	85	80	92	84	45	61	97	56	86	33	64	7	95	29	28	55	83	21	0	39	19	43	112	3	65	18	12	32	74	93	32	59	41	81	20	107	118	48	27
12	72	12	63	56	60	25	62	21	71	42	71	31	118	83	120	7	95	29	105	54	61	23	48	39	60	102	32	106	66	0	96	105	81	70	120	9	81	103	3	86	84	26	30	49	88	61	53	10	58
93	15	25	101	14	123	124	120	77	64	119	92	121	18	117	19	37	75	94	12	34	2	12	6	38	122	14	117	55	116	16	0	70	44	16	23	40	65	44	57	13	56	18	85	65	73	121	27	124	20
108	36	22	33	35	80	101	103	35	74	21	34	39	15	44	123	21	86	45	7	99	94	73	87	24	33	18	58	69	63	39	10	0	26	31	97	64	34	111	86	95	111	12	69	23	66	30	67	71	89
64	95	37	22	67	61	13	30	110	61	56	1	101	110	59	80	17	27	124	92	7	75	13	85	33	28	22	45	98	68	69	105	42	0	103	15	84	11	12	51	114	18	51	19	35	31	31	37	97	41
33	121	99	123	83	107	72	18	32	121	53	27	59	108	23	93	40	80	99	39	108	50	118	5	89	120	19	12	76	2	98	12	18	116	0	107	24	29	7	75	21	84	14	21	14	19	1	119	24	53
33	48	98	63	106	17	115	18	4	30	93	111	73	54	75	68	82	84	96	102	92	104	19	57	107	107	25	12	115	120	6	100	80	75	88	0	111	70	45	73	52	31	120	96	89	65	6	111	74	24
40	65	22	120	55	39	67	33	75	44	67	19	71	68	71	86	117	115	13	44	71	22	24	40	75	105	51	102	67	113	109	105	27	106	29	101	0	84	31	100	17	39	72	50	85	91	103	36	76	28
113	55	7	101	30	9	83	29	99	1	1	51	61	55	22	10	100	17	45	106	119	13	6	93	5	40	8	122	114	121	106	75	98	49	64	23	89	0	80	63	98	76	29	14	90	45	95	4	123	11
28	91	47	101	28	43	63	3	77	41	53	93	11	17	69	41	83	74	110	116	51	102	124	49	66	88	16	16	100	65	42	3	7	4	91	74	113	16	0	122	118	44	5	94	15	70	55	109	117	19
23	24	76	105	42	57	50	4	105	105	38	119	124	104	74	47	50	59	59	108	35	52	50	31	36	29	90	95	5	89	82	120	20	54	107	48	70	69	2	0	73	16	86	35	10	14	67	52	19	124
30	124	92	55	111	13	93	81	86	21	66	53	66	22	49	55	7	22	50	97	65	97	91	80	5	43	58	94	102	93	66	122	92	15	18	124	36	110	2	32	0	71	115	17	49	14	103	120	119	67
58	29	2	54	46	90	2	106	83	109	12	48	60	109	67	96	21	78	18	42	95	109	88	107	46	40	124	71	70	49	80	60	123	19	9	21	74	64	46	83	40	0	66	70	33	20	95	108	25	109
88	98	73	107	112	21	17	94	33	67	45	1	72	57	67	55	52	65	55	52	93	46	74	33	11	107	101	119	118	24	121	45	106	82	53	58	43	34	69	31	77	76	0	33	49	82	47	56	108	25
87	99	116	99	20	43	43	83	117	92	86	50	91	16	17	59	25	7	122	21	26	106	109	58	6	46	78	117	47	4	92	82	87	76	47	88	54	22	37	104	6	5	103	0	38	92	94	11	118	82
63	121	3	81	43	74	46	120	14	28	120	60	21	110	111	49	10	15	31	48	118	95	77	82	9	58	4	58	6	64	75	4	82	17	35	101	113	27	39	92	31	46	56	86	0	104	68	117	51	30
86	111	90	11	31	62	67	62	43	20	25	33	13	88	9	24	39	1	51	3	57	94	2	109	107	41	6	12	43	102	18	116	93	101	83	75	22	49	89	41	106	60	29	93	113	0	62	39	79	59
122	84	92	114	76	87	50	20	91	76	7	38	59	94	107	11	108	121	9	104	87	60	111	124	121	107	113	51	20	7	41	94	84	45	83	14	29	120	71	45	2	54	117	104	103	22	0	66	81	80
110	83	54	31	48	105	57	103	53	31	55	103	44	57	50	33	91	2	51	54	31	57	23	88	75	4	90	92	12	35	64	53	23	16	5	40	32	22	66	55	32	41	33	73	5	3	102	0	78	70
71	13	59	33	57	2	69	27	85	21	3	121	35	113	23	20	96	79	84	23	24	19	52	89	102	62	61	87	107	69	45	20	85	43	11	121	38	108	62	48	43	91	56	4	66	23	76	76	0	61
10	61	64	67	115	67	20	54	22	66	86	79	36	92	41	37	27	54	76	7	49	87	30	66	50	92	34	106	107	12	107	96	17	54	109	23	7	101	123	123	88	81	18	103	104	94	50	114	81	0
M3
0	18	86	10	110	63	115	104	66	71	54	112	70	91	92	83	55	73	18	53	53	56	76	47	112	95	117	95	22	14	27	80	61	37	120	13	35	60	75	117	109	72	7	20	11	38	76	100	66	65
59	0	111	66	106	53	68	119	89	91	72	50	25	18	19	59	53	60	21	21	47	56	74	71	43	51	117	44	41	42	50	104	30	34	68	65	79	109	68	57	41	117	33	94	14	6	85	27	63	66
78	93	0	21	81	79	18	49	69	47	54	124	37	29	84	25	30	82	24	77	51	63	46	44	95	75	79	82	39	9	29	122	84	25	111	1	52	119	66	28	39	54	65	27	49	85	32	40	38	105
120	101	61	0	76	10	63	17	30	69	44	108	89	115	92	93	111	11	33	120	71	4	35	32	114	121	73	5	84	83	120	86	5	113	55	75	18	42	57	96	77	24	49	14	75	73	17	105	8	61
65	68	65	45	0	117	93	54	34	53	20	94	113	120	108	64	92	116	31	57	37	103	22	6	43	86	124	37	51	119	41	49	107	69	50	120	76	71	112	56	6	93	25	1	107	72	74	107	99	113
114	123	61	25	71	0	77	119	109	121	117	58	57	102	111	79	42	101	15	33	58	73	28	8	34	16	15	36	68	108	1	10	25	20	31	106	11	123	36	17	31	1	30	88	42	28	112	108	7	6
35	24	109	57	110	29	0	52	52	43	106	5	120	25	28	104	62	102	87	122	25	102	13	105	72	63	2	94	85	11	33	11	52	104	84	3	115	44	76	37	7	64	14	86	53	3	61	9	64	47
94	39	93	102	27	48	86	0	74	14	40	78	54	21	3	30	30	44	6	20	49	47	94	69	7	62	73	8	47	99	40	95	82	14	58	118	89	124	36	107	122	81	12	93	33	69	82	105	3	36
9	15	75	108	38	116	118	43	0	35	117	63	87	31	104	62	33	98	109	93	13	88	15	85	19	74	1	29	7	123	72	99	114	21	63	49	70	24	92	95	110	92	50	120	49	85	44	98	12	70
46	3	39	56	2	38	5	99	76	0	40	115	26	101	31	7	43	98	3	8	43	3	81	29	54	6	82	88	86	114	64	110	6	5	53	71	10	75	6	78	14	6	102	11	89	113	20	117	73	27
69	15	50	43	42	48	32	93	99	16	0	64	23	91	37	54	31	89	116	101	59	82	12	53	10	48	9	15	34	47	21	101	98	112	78	89	101	16	29	68	80	115	94	75	97	71	47	109	19	57
79	76	88	62	69	7	89	120	8	28	39	0	101	93	112	35	98	78	39	1	111	72	15	16	116	45	78	50	32	72	60	81	6	2	14	115	59	122	99	30	106	112	5	57	59	9	86	28	98	37
119	6	14	11	29	107	1	41	56	88	10	92	0	38	50	87	71	83	30	12	31	108	25	82	6	97	18	56	113	120	115	34	116	13	72	101	41	74	98	87	88	15	52	51	12	46	106	59	117	42
38	55	14	120	52	43	76	108	103	111	56	57	57	0	58	2	111	92	76	94	47	12	106	22	115	29	85	30	78	25	31	112	108	33	19	28	29	120	22	43	113	123	6	31	108	80	51	15	23	25
88	90	23	32	83	6	40	110	55	26	124	51	92	46	0	90	99	59	18	33	24	95	78	91	13	28	32	104	12	121	123	68	17	108	59	12	122	82	35	123	16	36	48	45	27	58	50	9	11	27
36	13	88	4	61	46	86	101	103	119	21	108	64	30	30	0	56	17	79	36	84	60	100	89	112	70	67	15	101	25	95	104	96	123	31	49	29	77	6	32	36	86	98	123	77	87	30	90	47	89
97	52	109	110	106	53	5	114	39	47	119	12	47	34	13	58	0	81	48	120	38	24	43	26	121	104	58	72	88	25	40	20	18	120	112	96	47	51	7	69	4	50	3	116	71	24	15	95	102	91
12	18	64	54	62	25	23	68	32	115	104	63	33	109	26	7	66	0	25	60	120	51	43	107	62	105	72	31	21	79	108	7	42	24	2	104	78	36	119	31	42	98	86	67	29	40	25	75	51	45
38	45	26	39	53	94	29	51	71	110	123	72	16	6	97	77	17	63	0	100	37	34	55	72	32	88	47	19	94	46	114	99	89	72	102	5	76	106	57	26	6	53	48	5	29	102	72	104	72	52
49	26	15	2	58	71	77	79	10	94	45	25	78	59	23	103	37	67	19	0	99	14	118	105	58	99	50	49	99	41	89	68	11	2	37	47	14	50	75	74	122	64	29	55	12	11	17	77	26	109
3	100	58	28	121	81	107	36	107	47	63	105	12	32	86	65	88	85	74	89	0	110	84	9	84	57	101	4	68	115	17	23	37	122	57	23	90	89	13	74	23	113	1	119	72	13	88	17	89	37
87	69	33	74	16	7	89	4	102	69	21	56	15	67	113	16	3	42	114	72	73	0	60	120	93	79	93	109	38	21	76	4	16	9	21	37	107	119	114	113	32	38	101	122	94	28	53	90	45	51
47	61	115	31	22	27	32	14	6	120	93	22	83	68	57	60	85	58	96	119	59	86	0	15	80	62	113	44	45	34	49	100	68	107	67	9	2	19	86	7	100	74	120	113	65	21	121	93	77	55
99	45	85	43	76	41	89	112	96	27	89	110	25	95	49	50	66	32	70	87	35	54	78	0	92	111	90	35	39	84	83	24	105	88	76	57	2	49	35	113	112	34	93	92	45	10	95	113	87	43
89	44	120	124	50	120	45	81	74	96	78	81	11	115	48	2	59	44	96	109	12	19	116	3	0	101	17	17	74	66	9	65	30	75	75	111	3	82	93	120	5	44	74	120	67	9	69	77	115	104
28	91	6	71	108	3	61	92	110	123	119	120	110	92	106	7	36	35	81	80	52	75	90	37	76	0	64	77	113	104	26	5	68	86	106	5	29	1	96	9	37	29	1	2	28	44	35	29	17	20
92	43	55	114	113	37	23	118	95	101	9	66	106	41	51	16	113	13	36	3	45	5	89	86	76	33	0	76	63	19	100	109	90	88	84	111	90	15	28	26	1	71	84	29	54	46	22	22	85	64
83	83	111	67	67	84	4	70	103	85	49	55	50	32	34	57	48	64	102	2	105	5	53	11	52	36	43	0	79	43	69	33	12	34	123	15	81	79	39	37	115	61	20	8	40	27	26	105	12	43
65	87	121	53	97	18	101	110	41	9	74	124	26	69	115	76	72	86	75	33	25	99	16	82	123	73	4	108	0	78	31	67	69	106	48	118	12	123	43	71	69	80	56	37	84	94	124	11	64	58
19	111	32	49	12	110	48	39	9	112	43	42	8	69	22	17	50	60	110	86	60	64	68	89	42	105	41	93	99	0	62	119	47	65	73	43	47	5	35	46	59	75	41	4	19	78	88	61	87	99
82	88	43	35	13	78	32	72	54	34	89	116	113	6	95	46	42	17	12	90	85	117	3	39	99	87	100	6	53	117	0	74	18	23	47	110	91	21	26	21	9	41	29	17	18	112	4	94	94	45
18	118	65	104	9	89	42	107	63	124	26	117	12	69	63	40	73	84	9	102	41	67	87	109	40	52	117	108	39	24	35	0	58	93	98	9	96	48	63	102	20	3	47	91	41	84	2	61	112	117
69	103	67	85	86	46	64	4	120	72	6	53	78	3	5	31	115	33	109	17	69	118	51	24	70	4	59	65	17	24	45	113	0	98	98	14	73	16	3	90	33	11	14	62	5	38	77	5	101	14
34	105	27	27	110	49	42	14	34	14	79	94	30	85	108	17	123	80	2	70	72	14	36	10	42	14	120	21	25	124	64	70	66	0	89	22	7	104	123	25	65	50	97	19	55	98	58	11	94	93
75	71	113	2	39	99	23	101	74	22	110	50	5	38	116	90	106	23	106	3	19	111	34	13	109	44	54	59	106	87	40	82	92	64	0	37	36	11	104	73	110	63	93	100	50	107	5	44	103	116
8	70	83	111	115	96	106	74	80	88	60	71	96	111	68	23	90	5	49	29	108	55	82	25	116	124	108	90	57	48	9	123	33	47	3	0	40	25	50	110	122	74	113	61	117	28	6	67	43	91
83	42	81	91	104	122	111	13	27	1	60	23	8	116	45	112	82	42	78	124	60	24	111	111	52	88	107	110	95	124	123	89	112	17	39	84	0	102	62	76	97	116	64	71	92	105	23	88	89	123
112	9	2	35	67	4	48	37	106	97	59	64	72	26	60	86	102	34	38	51	74	25	76	40	79	124	67	85	106	7	9	20	1	122	38	6	57	0	113	6	39	20	95	74	23	24	51	59	19	56
81	81	69	55	45	52	31	12	43	110	117	28	88	2	19	119	98	42	118	31	109	1	118	47	52	92	19	123	43	99	78	11	82	15	20	119	74	15	0	37	21	96	120	59	106	43	23	20	10	122
120	17	119	15	63	48	96	119	37	28	54	10	23	83	101	73	62	13	105	30	100	92	76	3	107	69	71	117	112	71	89	17	53	86	52	78	120	61	15	0	21	69	82	28	2	124	1	90	98	123
23	70	60	87	70	90	53	68	116	56	100	13	123	26	112	46	82	27	31	113	107	90	48	84	23	40	110	33	75	116	88	20	24	40	38	20	57	38	108	111	0	100	107	73	47	26	117	1	99	5
90	79	5	97	50	71	89	121	121	91	79	74	71	107	123	104	16	66	86	100	84	103	81	102	51	33	118	28	38	33	18	96	7	35	21	29	58	29	78	80	84	0	119	50	43	97	105	103	99	91
103	116	87	84	45	57	10	123	15	85	31	86	69	25	96	12	63	32	114	96	56	32	36	25	32	63	51	90	42	55	87	81	83	84	116	82	12	108	17	92	97	11	0	87	64	105	22	110	62	56
52	30	83	114	41	52	71	85	66	68	72	12	118	17	23	46	105	2	60	31	36	124	12	27	38	22	28	23	80	116	86	11	110	36	6	107	58	4	12	74	84	90	65	0	118	113	79	46	7	62
17	66	75	6	16	89	86	16	61	31	85	74	82	106	28	7	108	35	16	22	70	42	87	101	12	98	99	28	85	4	88	105	26	89	66	44	55	70	104	122	83	9	67	48	0	99	117	61	56	60
36	14	109	113	16	2	54	6	71	80	27	90	93	14	29	103	54	121	37	39	105	71	117	116	21	5	97	1	82	43	92	44	60	99	106	50	69	112	86	17	16	67	72	20	109	0	111	19	40	77
57	109	68	5	22	89	88	4	66	116	112	63	9	90	47	100	93	35	106	122	3	43	19	87	80	53	41	66	62	28	87	90	10	120	53	110	29	80	76	21	56	46	9	90	98	44	0	23	88	14
32	62	5	51	104	8	71	20	28	66	74	27	27	83	87	64	42	84	51	84	91	60	14	38	5	5	40	54	90	10	21	74	90	7	77	47	26	7	1	50	107	4	88	17	6	81	5	0	3	81
59	108	94	76	43	51	85	31	34	10	96	7	12	81	62	69	83	109	76	22	64	41	93	75	4	35	26	94	98	88	56	58	58	101	6	67	56	76	33	88	28	68	53	90	118	22	87	60	0	119
30	12	10	3	104	81	13	85	62	24	68	110	30	24	26	90	6	57	55	29	36	97	66	35	4	99	30	10	31	81	20	121	49	19	112	48	108	80	50	15	37	85	91	59	80	32	28	98	80	0
M4
0	29	107	41	6	7	26	95	76	19	32	76	112	47	13	31	37	54	33	73	97	42	118	49	49	11	99	100	57	26	91	82	116	114	1	73	59	124	76	122	15	72	69	46	84	61	91	92	21	114
54	0	102	114	54	71	65	32	82	44	99	93	23	106	97	67	53	88	8	26	73	4	23	22	122	10	113	81	22	46	108	61	112	38	63	84	85	60	61	16	60	18	11	10	115	72	6	38	119	54
124	108	0	109	16	69	18	12	111	57	48	25	25	64	3	4	55	28	55	118	38	27	1	56	9	5	65	90	101	101	48	10	38	107	14	1	118	32	21	62	28	120	122	112	40	1	96	33	3	99
77	19	3	0	72	84	36	21	84	87	59	43	110	21	81	10	37	77	24	118	50	19	73	51	9	6	27	88	16	5	110	108	28	80	37	5	52	83	72	75	93	90	78	105	65	40	110	19	23	7
89	119	4	94	0	72	119	17	89	78	30	14	44	65	57	91	119	57	17	64	36	86	87	90	28	28	109	53	97	40	69	71	17	119	26	22	53	65	62	26	76	27	84	80	67	15	110	90	1	100
60	74	74	105	113	0	92	43	109	113	96	93	100	122	91	70	46	40	98	45	38	100	6	112	80	84	108	84	118	114	102	35	70	80	47	54	12	103	82	94	99	36	22	84	67	92	17	9	58	37
99	66	79	100	13	32	0	18	96	46	13	77	115	107	31	7	70	60	49	37	24	7	78	91	31	88	36	4	99	57	51	107	68	8	82	6	68	68	107	65	50	26	55	7	119	106	53	85	75	65
105	20	110	21	83	7	114	0	110	74	16	93	72	42	30	105	51	32	113	28	30	53	21	112	110	70	64	83	4	41	112	61	5	114	27	115	123	11	85	40	86	106	1	103	72	79	44	47	78	71
50	24	94	20	8	59	42	76	0	73	47	103	61	34	44	68	64	102	58	22	75	16	46	69	71	20	116	92	11	6	90	55	79	70	113	45	99	91	29	123	123	24	5	109	58	53	87	61	36	19
101	12	57	58	108	45	70	54	72	0	68	63	30	104	66	32	29	2	4	74	40	21	86	47	71	29	2	102	8	56	36	84	29	49	104	52	47	62	55	108	120	114	86	90	114	9	67	122	11	32
55	39	64	21	94	89	37	26	37	17	0	120	111	38	106	111	100	23	93	12	106	73	101	32	96	8	70	21	22	7	18	79	68	123	29	76	3	118	25	33	103	118	1	124	89	107	99	101	95	75
30	54	50	6	123	14	72	95	112	17	34	0	77	103	25	114	92	19	56	48	62	38	87	77	53	6	14	1	27	29	60	16	36	25	99	63	63	31	85	52	11	73	6	112	90	112	119	69	61	49
60	103	8	96	21	90	47	111	39	28	74	79	0	29	111	16	56	19	53	16	88	53	3	68	65	27	119	104	122	111	97	90	95	90	99	97	75	68	117	82	22	87	29	23	33	27	28	89	40	9
38	61	93	19	93	103	75	3	95	42	57	103	8	0	80	78	94	78	28	8	7	89	42	70	56	36	13	19	51	49	43	83	83	22	84	4	121	76	107	93	117	1	74	60	49	124	17	103	94	69
53	84	28	14	81	91	102	3	54	10	78	102	2	106	0	83	121	22	58	45	32	92	111	63	97	114	121	10	42	101	93	59	87	108	31	115	106	10	46	18	60	27	74	63	9	53	95	43	63	118
29	11	120	98	123	42	69	70	78	22	120	121	35	30	10	0	62	106	45	38	36	24	102	9	54	3	64	107	123	99	72	60	53	97	33	84	65	123	17	25	93	110	102	113	77	103	119	74	86	100
6	56	17	113	43	77	5	55	117	4	100	107	100	63	57	102	0	42	119	83	110	85	122	80	119	121	42	57	38	13	4	37	88	105	117	88	33	35	40	114	87	114	71	85	50	6	9	47	41	8
2	18	83	102	67	46	105	51	69	113	21	93	11	78	53	116	7	0	34	1	33	96	114	52	48	75	18	43	114	67	118	70	68	86	9	44	62	113	1	35	94	1	11	43	67	41	51	10	102	89
39	114	4	120	104	122	16	50	50	21	72	25	51	2	25	62	99	120	0	89	67	71	97	56	35	101	41	84	27	107	8	42	59	63	96	47	33	55	65	93	46	46	103	99	25	53	59	97	68	104
68	70	30	6	78	95	14	75	11	119	16	80	4	82	67	92	47	23	56	0	54	120	85	8	85	104	112	74	18	120	46	77	117	20	27	28	46	107	100	46	85	16	96	35	105	113	34	94	14	67
49	83	59	122	25	21	83	24	102	42	18	101	46	17	6	108	112	11	53	38	0	60	8	121	57	9	104	7	111	1	75	111	13	7	58	21	3	49	65	43	52	4	31	58	72	65	17	36	96	120
104	8	64	70	43	16	77	46	101	34	54	124	26	73	113	34	98	12	35	21	11	0	57	70	75	7	74	13	111	39	3	121	99	105	8	106	77	62	57	81	98	17	120	31	92	42	112	102	31	119
95	93	34	121	53	20	24	46	62	61	108	2	99	74	110	111	23	51	10	121	2	16	0	1	75	9	41	4	48	90	89	29	87	82	19	37	56	51	37	3	87	68	13	21	26	44	96	96	18	14
9	22	41	66	13	37	115	118	115	1	51	21	61	74	16	25	1	79	111	29	69	111	54	0	77	73	104	64	82	82	13	18	63	58	121	35	57	25	63	85	54	68	16	11	67	7	92	91	95	71
65	106	56	5	24	108	124	104	33	23	108	52	75	106	122	124	46	85	116	63	5	46	101	123	0	24	94	42	42	23	51	85	112	3	123	38	45	108	22	57	2	18	15	43	29	6	75	10	106	12
67	101	81	113	44	100	37	38	47	35	34	62	55	31	98	1	16	94	81	60	53	25	69	63	106	0	81	38	39	15	41	117	85	121	81	97	86	110	77	97	114	69	37	102	44	62	86	99	26	27
56	70	16	71	111	20	89	71	69	106	43	65	22	123	67	34	87	69	67	17	109	3	100	68	61	119	0	60	81	27	34	21	44	93	33	64	58	81	97	59	11	4	13	22	40	8	55	106	105	114
16	23	17	86	108	10	29	24	83	87	44	119	38	32	97	89	53	113	104	7	82	96	107	31	38	113	51	0	42	68	82	31	121	26	117	103	73	53	20	19	115	118	112	54	2	94	83	108	14	31
20	41	14	35	122	124	72	89	90	11	43	37	105	24	29	122	88	4	73	10	101	59	52	104	7	19	55	34	0	55	18	50	55	87	57	39	50	94	30	77	76	111	3	43	57	10	62	94	22	116
58	16	58	15	1	75	44	28	14	30	29	53	33	94	28	67	79	73	8	13	119	18	36	92	37	73	68	111	20	0	40	3	85	91	16	62	62	25	76	68	64	42	45	101	39	3	7	44	32	19
38	67	45	23	17	7	86	45	29	109	79	36	50	34	71	42	117	43	87	19	99	62	19	31	91	116	76	46	108	9	0	3	27	39	49	22	71	99	30	30	10	55	62	60	19	22	24	99	82	47
55	97	73	85	34	51	77	25	36	82	47	60	21	71	112	112	56	67	54	63	21	119	86	36	29	54	18	66	70	19	122	0	88	63	19	111	3	122	82	82	74	42	79	34	108	114	28	23	101	98
94	89	108	26	62	103	102	84	42	100	5	84	123	59	81	62	67	10	94	91	42	116	84	38	66	51	90	16	110	115	30	96	0	60	124	84	91	74	65	5	24	104	103	123	44	31	24	47	81	124
98	6	81	119	52	21	23	22	38	54	16	3	110	103	2	84	63	117	15	6	22	110	112	55	4	48	113	54	10	64	60	113	42	0	30	110	16	59	94	90	27	73	11	92	86	88	85	50	80	13
107	96	93	74	34	85	56	47	113	25	81	123	17	93	123	80	111	74	63	106	8	56	17	6	60	41	66	115	45	11	1	37	105	14	0	83	123	6	26	2	120	119	72	71	81	97	60	35	37	96
119	108	85	83	80	32	76	15	94	93	120	109	59	89	30	63	71	104	116	3	109	15	7	79	115	54	85	53	122	19	64	103	20	4	64	0	14	46	86	43	25	49	16	18	84	33	8	90	82	74
47	51	119	110	69	2	93	78	10	74	64	102	36	18	30	51	113	33	109	54	54	57	78	20	4	84	85	48	82	20	41	82	61	98	72	23	0	118	48	99	73	112	99	116	102	90	86	46	115	60
30	51	53	33	35	1	57	52	81	33	8	54	79	90	29	56	102	67	61	96	102	123	28	110	72	5	9	101	37	99	119	103	19	14	87	100	39	0	80	26	100	8	30	96	83	106	34	101	77	83
58	36	38	18	30	61	75	16	76	118	30	92	36	94	11	11	39	45	63	23	71	109	36	99	109	31	116	20	76	114	53	106	116	101	82	35	21	103	0	23	64	113	9	124	55	103	72	59	67	42
36	82	82	61	51	69	76	114	64	22	68	70	9	47	40	59	12	97	43	11	26	43	88	79	41	55	58	75	90	37	48	52	18	44	80	102	36	106	22	0	66	105	80	81	20	101	9	48	70	113
54	68	3	14	49	70	118	110	28	63	123	61	116	109	96	41	66	24	87	62	3	5	44	95	112	93	79	88	21	95	79	98	29	34	87	67	25	103	57	21	0	43	113	72	23	103	86	70	3	118
61	116	69	60	80	58	13	108	92	54	40	51	68	10	7	73	2	68	2	26	17	28	106	16	82	20	19	66	107	112	21	27	109	9	60	26	40	52	113	97	24	0	26	32	79	31	29	98	95	55
86	69	57	3	94	112	27	48	91	91	81	104	106	59	91	102	42	101	98	38	24	67	25	35	98	13	91	91	49	102	105	41	120	90	70	112	5	67	74	43	61	35	0	109	54	55	51	94	115	83
75	45	86	30	73	2	107	29	61	85	35	100	94	92	78	114	71	86	11	60	31	70	55	104	25	121	109	79	28	45	119	88	54	81	62	57	115	57	50	98	7	68	69	0	83	122	23	49	96	84
78	96	121	97	94	28	47	107	99	97	45	114	56	99	97	46	121	76	25	85	7	2	114	56	57	77	16	77	93	105	61	17	87	6	103	19	18	110	113	85	33	18	62	34	0	93	60	119	4	24
103	33	34	88	57	34	42	80	113	38	73	104	43	88	69	105	112	103	81	1	31	57	11	48	45	110	100	103	25	120	66	97	102	115	43	74	16	89	51	47	34	31	69	82	47	0	97	8	68	26
28	102	121	96	28	65	29	26	37	104	9	31	33	61	96	20	109	105	34	9	39	44	5	116	121	118	35	73	94	37	111	89	85	59	122	71	78	55	121	107	59	53	86	11	2	9	0	98	36	36
119	73	118	42	112	9	62	55	121	71	93	50	52	66	11	45	87	38	50	36	40	105	109	15	51	91	40	8	116	3	71	97	20	91	13	31	95	2	123	71	74	30	96	20	12	87	108	0	105	103
69	80	4	80	20	28	108	48	9	85	122	32	30	30	53	21	29	59	91	87	57	100	30	68	103	89	25	65	27	61	23	61	82	41	109	114	40	29	40	89	51	6	3	91	100	53	93	121	0	114
83	82	58	12	90	34	41	88	98	49	48	58	35	110	68	109	16	8	81	97	80	3	68	34	54	21	71	79	19	89	106	120	116	14	105	85	116	54	25	7	40	38	114	51	56	110	19	99	44	0
M5
0	2	49	14	72	61	94	3	1	9	63	30	41	95	39	110	18	47	77	8	2	59	25	112	98	26	105	75	14	76	88	41	119	46	86	115	70	22	2	104	8	15	97	88	93	97	20	62	102	116
76	0	18	114	8	13	11	102	9	53	21	32	112	110	89	67	119	14	116	63	60	93	91	5	47	18	87	15	11	54	120	17	59	78	116	123	104	61	38	21	72	52	100	96	11	78	67	40	103	29
115	86	0	97	18	68	65	79	108	57	1	62	59	96	110	111	65	62	123	49	85	6	92	14	14	99	54	115	17	86	23	29	80	94	101	48	22	118	28	46	93	100	112	29	106	91	65	36	19	123
5	34	95	0	80	72	93	36	124	115	80	110	50	79	75	121	47	118	71	69	55	3	95	12	17	19	123	55	122	15	120	47	80	83	121	74	34	107	36	35	106	98	112	76	28	104	75	106	99	72
69	97	44	112	0	90	88	53	3	116	42	1	50	51	11	95	98	117	100	113	113	26	112	47	60	103	40	6	72	10	113	14	69	64	13	103	3	102	118	28	82	81	117	73	93	42	24	91	88	72
96	47	25	89	62	0	19	44	1	33	10	38	12	101	63	15	72	67	106	82	45	81	84	12	26	112	107	19	81	74	3	15	31	82	40	40	86	115	45	77	58	123	107	11	112	30	29	116	103	110
30	29	42	23	60	32	0	13	16	35	34	59	31	21	15	32	48	27	3	93	71	93	51	86	37	34	81	120	109	76	2	39	86	78	40	57	55	116	120	38	100	78	49	14	11	99	21	106	78	44
24	24	39	79	91	78	30	0	61	42	119	54	8	98	124	34	58	77	15	100	112	114	27	48	1	54	10	10	74	19	34	106	110	107	2	70	117	62	81	20	6	21	92	79	9	9	105	89	9	121
54	25	102	90	89	71	108	122	0	13	25	44	40	84	32	93	24	116	30	18	62	76	80	100	94	49	28	25	8	91	107	69	47	27	7	90	108	16	43	121	29	14	57	115	40	22	104	93	61	45
98	37	52	101	69	116	51	24	116	0	12	45	65	43	109	119	121	39	25	91	27	119	51	5	28	107	29	24	107	42	60	25	51	19	6	102	124	2	118	3	76	69	60	118	2	65	99	122	116	54
55	72	26	113	77	111	96	53	37	46	0	93	34	50	114	113	100	77	24	47	54	85	23	42	108	20	26	118	70	117	107	1	49	24	73	98	121	42	115	37	26	26	84	102	114	97	46	46	91	100
108	75	56	39	9	31	83	124	112	7	45	0	91	18	101	86	100	98	11	26	80	113	66	32	16	40	2	41	89	54	2	53	121	14	97	124	39	67	54	95	119	22	121	75	55	64	85	41	22	17
86	112	118	33	50	81	37	113	28	37	16	13	0	97	114	10	7	60	33	65	9	24	1	10	74	40	91	19	100	82	102	100	57	80	79	124	5	9	60	7	53	34	52	96	68	37	89	81	90	89
87	10	98	2	30	59	12	84	119	98	124	57	28	0	95	60	54	30	105	114	109	106	98	33	120	2	30	6	111	110	100	5	118	4	58	56	74	39	41	123	69	31	13	25	64	11	86	102	1	103
109	31	46	110	122	24	6	27	117	5	76	122	28	100	0	15	31	60	59	104	14	113	3	53	43	82	81	122	58	102	121	95	94	103	1	37	89	25	46	27	109	15	11	24	11	22	91	73	74	35
112	105	67	71	35	88	95	108	95	86	120	119	43	69	84	0	91	100	77	61	9	46	16	80	103	115	9	98	62	50	23	73	38	51	116	61	92	35	99	94	119	8	24	85	60	28	85	59	122	111
61	48	39	15	47	114	121	48	51	25	77	38	24	2	44	42	0	74	113	113	112	2	48	124	28	91	28	44	96	114	40	33	22	35	73	88	120	67	108	35	60	6	117	66	100	43	114	67	80	69
89	82	54	81	54	107	8	33	92	13	8	56	81	78	24	68	35	0	18	79	15	54	37	42	67	20	101	20	104	78	39	117	90	110	83	69	117	59	35	67	54	107	107	8	120	19	52	15	8	86
69	31	72	39	50	29	18	63	78	67	38	87	57	60	29	47	81	39	0	10	105	98	92	76	94	39	76	70	99	42	96	99	6	122	38	42	122	100	72	101	20	86	121	105	124	7	19	48	24	55
22	26	79	94	113	106	14	92	55	103	101	49	77	114	74	64	89	95	82	0	68	117	27	100	42	50	124	79	70	60	90	40	115	122	54	90	49	53	115	15	122	25	97	86	116	94	101	74	43	95
25	43	61	3	90	79	55	81	95	121	89	79	121	98	9	121	99	92	90	99	0	36	61	59	50	111	23	79	114	7	40	91	16	112	101	41	80	49	47	60	53	76	83	77	54	8	79	117	95	38
9	75	87	15	56	28	56	12	41	61	62	53	10	2	110	14	72	72	100	1	33	0	62	44	53	77	84	41	16	112	81	47	114	110	90	115	36	91	101	81	97	52	104	63	115	20	76	61	1	118
74	76	4	6	14	113	73	1	79	51	63	82	51	28	67	13	73	51	46	76	51	24	0	96	124	42	77	91	112	2	99	91	121	69	40	81	123	66	62	111	33	70	51	93	124	63	12	5	53	67
30	80	106	94	21	45	111	120	16	30	79	99	7	46	61	56	44	92	109	67	48	77	12	0	108	87	72	124	37	22	30	39	94	78	13	92	21	68	38	24	5	123	6	89	77	111	121	10	17	29
110	1	60	92	59	60	35	37	120	98	29	7	111	122	28	118	52	11	68	23	97	31	25	96	0	118	65	25	42	66	14	32	81	47	22	39	79	80	81	105	107	6	61	103	87	92	53	96	87	123
26	45	105	55	85	52	89	118	54	44	100	123	86	38	53	26	91	67	1	92	13	118	84	23	31	0	84	58	57	50	8	66	113	116	83	22	50	47	124	85	33	107	121	12	33	90	75	65	8	63
31	87	105	76	39	86	115	28	56	14	82	54	70	26	119	78	14	87	26	61	69	22	36	26	1	50	0	25	106	37	7	44	108	15	56	62	26	120	60	5	73	113	95	116	99	74	84	82	19	110
107	107	53	7	43	80	115	63	40	75	63	45	31	20	85	50	109	85	24	35	33	61	67	110	121	102	70	0	36	122	24	110	97	119	103	108	96	121	17	56	73	103	31	107	73	63	38	43	114	61
103	15	119	110	54	35	36	81	100	66	77	43	58	91	22	27	4	96	40	62	97	31	57	36	105	109	77	44	0	35	95	10	87	103	103	3	107	31	5	12	14	42	37	46	14	13	13	1	90	103
43	79	123	101	99	48	57	8	32	113	55	37	44	108	98	4	51	101	40	63	6	48	8	99	26	22	95	49	116	0	99	59	5	8	123	19	81	75	91	62	64	63	92	74	34	7	105	118	29	29
4	6	122	70	38	74	68	47	59	116	46	82	80	43	118	84	121	41	113	22	115	116	97	105	30	93	103	40	18	31	0	85	114	84	57	81	105	7	25	109	85	69	48	91	30	30	13	34	24	64
65	55	4	59	87	49	39	42	124	34	16	61	83	11	45	10	78	88	24	119	93	6	97	65	3	114	20	102	52	25	109	0	107	45	33	90	121	15	103	83	100	72	78	118	23	6	74	89	114	30
64	112	47	63	33	9	38	113	4	52	30	104	44	36	73	15	77	101	11	113	65	59	31	106	77	98	11	18	102	51	22	80	0	85	36	97	16	85	92	83	29	114	62	113	100	102	27	76	87	118
107	71	21	107	3	11	41	85	20	83	73	103	16	23	103	123	85	87	83	53	90	26	39	12	56	101	80	19	93	21	84	110	58	0	29	48	23	50	73	82	117	12	117	114	17	103	72	52	54	54
92	70	70	92	42	78	100	99	65	74	41	26	101	28	36	29	122	55	98	56	102	80	29	18	66	67	88	91	44	83	26	112	74	80	0	13	32	38	98	121	74	23	94	100	26	56	23	25	97	99
77	113	97	87	26	12	46	76	96	120	40	100	60	90	59	5	15	2	64	25	68	30	52	66	17	59	76	35	4	109	93	91	73	95	94	0	121	53	96	43	118	101	98	44	71	53	72	66	114	76
30	65	112	100	119	43	107	79	86	69	108	110	96	98	116	48	61	65	26	63	24	20	112	93	63	105	76	82	73	62	19	15	81	6	20	73	0	20	123	7	5	32	55	11	62	67	70	76	59	25
121	98	101	3	54	46	71	111	10	26	4	92	98	93	4	11	79	66	10	75	57	72	3	54	117	18	33	6	95	7	85	118	98	118	104	75	36	0	107	18	24	75	124	124	34	105	97	16	40	72
50	72	92	49	59	19	116	121	70	30	45	10	79	31	94	51	92	27	122	46	57	28	11	28	114	83	73	17	53	73	12	117	123	69	89	116	43	110	0	114	92	26	10	92	30	99	96	72	3	5
90	115	102	101	60	89	5	31	99	38	15	112	120	13	72	41	75	49	92	49	72	1	88	33	15	83	119	10	35	43	75	69	34	110	40	20	55	85	47	0	72	95	32	37	67	28	123	9	38	57
42	1	49	57	33	75	33	39	100	123	10	20	114	109	102	115	4	7	38	69	3	106	106	76	58	20	90	87	44	97	77	123	100	52	87	82	27	52	4	32	0	5	12	59	25	15	43	26	110	28
90	81	17	31	44	40	124	19	29	116	17	93	107	98	29	95	24	28	25	105	52	94	25	55	7	4	74	91	35	113	60	4	69	19	50	37	2	72	31	94	7	0	88	82	84	23	22	42	111	6
62	124	73	15	116	2	38	82	74	112	61	87	117	25	90	35	45	57	74	30	67	37	113	22	86	97	74	53	121	75	70	28	73	106	38	40	49	29	15	89	10	11	0	9	50	20	82	36	18	51
39	122	88	55	94	56	19	72	50	113	1	23	59	104	61	20	57	44	9	36	2	69	6	58	63	15	117	29	76	48	113	122	104	98	44	107	105	52	71	19	103	123	16	0	81	65	64	15	58	48
64	87	14	20	66	61	106	112	27	82	83	121	51	108	47	102	96	49	87	55	9	5	36	94	19	92	6	60	8	110	40	15	3	98	84	15	15	113	46	50	114	79	99	96	0	55	101	55	116	19
35	23	8	104	20	113	31	82	72	107	25	84	14	15	3	74	25	15	121	79	21	33	67	88	91	98	25	33	6	77	90	74	95	107	107	47	70	6	97	93	15	54	87	30	75	0	104	43	45	6
114	55	71	20	103	27	5	70	78	72	47	51	115	81	30	105	78	78	68	111	99	27	72	78	112	13	44	88	4	30	115	88	107	113	80	97	57	93	39	66	17	46	119	31	117	6	0	81	98	86
101	50	101	42	100	37	15	32	88	37	33	103	92	44	105	10	45	93	118	77	104	111	97	118	21	115	50	107	20	109	16	73	60	25	124	113	24	120	48	39	116	11	81	117	95	18	45	0	4	56
1	75	105	69	10	29	69	92	107	33	51	11	48	82	24	44	50	17	106	49	80	121	87	43	51	93	83	18	33	56	62	59	91	85	95	48	18	72	31	119	10	90	115	108	15	56	87	98	0	84
117	72	106	37	27	110	81	84	117	108	71	15	69	72	44	54	21	10	25	36	32	19	105	73	23	40	48	59	103	79	98	112	16	71	46	110	22	20	87	124	21	122	82	73	48	91	82	105	3	0
M6
0	68	32	86	62	30	72	10	69	9	55	36	48	105	122	17	54	49	19	37	90	82	59	22	104	4	110	123	115	88	75	110	32	6	25	59	35	36	57	122	36	29	89	108	124	65	83	82	77	87
99	0	46	57	40	13	92	113	78	80	11	52	77	5	84	108	61	9	87	43	114	116	51	42	57	99	119	96	21	93	119	56	25	36	114	95	115	106	111	103	117	24	15	46	108	55	69	111	112	38
52	26	0	70	74	22	21	120	17	94	15	77	99	88	89	87	124	87	98	11	17	69	73	92	86	94	68	27	120	7	46	46	89	73	20	62	21	100	94	67	12	115	85	6	1	99	26	10	87	51
56	29	62	0	45	83	43	25	18	1	93	45	113	45	8	65	19	29	103	66	65	76	70	114	72	50	116	29	39	93	37	67	88	52	79	80	78	11	84	81	106	7	107	7	8	117	27	40	124	30
59	85	32	93	0	122	92	34	55	14	117	68	21	47	10	27	17	46	47	49	44	28	111	117	31	37	13	81	25	20	14	121	94	24	97	79	86	42	75	3	35	91	34	123	40	55	31	62	102	46
87	48	65	8	79	0	110	55	15	23	4	30	37	34	106	16	71	16	124	62	90	51	37	79	33	122	42	7	84	47	10	55	47	87	4	17	104	61	79	90	90	81	92	23	14	72	50	57	2	17
47	90	105	122	4	60	0	65	59	62	33	45	23	53	91	121	80	60	34	96	122	74	60	102	58	67	20	18	25	38	77	95	48	65	55	118	2	73	10	78	99	72	104	102	97	120	26	69	114	72
63	83	60	76	41	58	31	0	47	42	7	85	29	32	110	75	107	32	111	12	99	117	7	80	109	85	63	84	9	17	44	8	107	119	114	37	123	23	4	33	52	108	67	122	96	96	35	78	69	34
11	88	116	106	74	41	112	91	0	112	92	11	69	54	93	73	28	59	73	61	25	28	50	2	117	49	53	61	41	84	57	56	14	68	28	93	107	45	103	47	114	74	35	37	33	84	98	87	56	109
53	40	101	10	24	93	94	62	94	0	111	107	76	29	12	114	103	113	53	35	99	93	26	25	31	118	115	104	100	18	106	35	30	96	19	89	118	103	46	66	98	9	57	11	59	28	94	43	13	113
74	87	85	42	65	69	74	103	23	75	0	45	113	51	110	33	59	12	110	66	16	107	62	38	111	75	57	59	106	47	71	12	35	45	118	15	60	80	120	56	44	26	83	90	40	53	116	27	34	90
67	104	67	49	110	18	15	85	26	80	84	0	79	34	16	118	33	20	67	89	11	55	89	48	11	110	10	94	83	78	118	99	8	21	27	21	42	122	60	5	5	42	106	48	111	82	10	92	39	85
87	27	73	124	45	18	110	112	58	92	75	83	0	111	70	73	67	42	95	35	5	74	41	117	76	98	103	26	57	53	46	118	23	86	97	10	83	53	33	76	12	92	114	50	37	7	122	28	84	26
87	2	46	100	9	77	69	122	122	46	110	26	55	0	12	70	115	108	87	63	7	95	25	80	73	13	117	31	3	46	45	107	19	124	63	33	68	88	33	57	95	120	104	87	6	57	12	122	19	72
96	72	54	6	73	58	64	29	99	97	118	111	104	83	0	103	41	120	8	38	14	1	50	41	5	99	22	20	100	96	112	54	79	107	120	108	113	77	32	109	48	30	83	73	82	116	112	28	122	96
12	82	64	117	24	84	74	16	10	39	94	48	2	22	51	0	86	96	88	68	15	59	102	96	32	24	32	78	50	82	81	114	65	90	32	69	14	53	79	24	51	88	109	61	82	36	13	115	28	12
50	65	107	43	46	97	67	21	106	83	54	36	93	88	3	39	0	103	32	63	57	109	63	117	110	96	7	95	120	34	104	74	10	58	103	69	107	41	110	59	113	105	66	84	52	62	73	34	32	23
4	10	53	109	45	88	116	66	51	41	68	9	54	22	107	61	100	0	111	96	45	93	19	32	37	107	29	115	23	52	59	118	26	85	92	25	120	89	50	87	30	48	53	99	26	81	64	75	20	27
61	75	117	19	45	69	103	26	82	119	55	88	5	101	107	52	41	55	0	35	84	52	67	71	90	73	93	91	10	45	59	28	24	117	80	49	2	77	85	83	122	119	117	27	75	72	35	25	101	84
71	100	61	107	40	95	6	99	88	124	114	87	84	63	35	96	117	105	51	0	13	1	73	63	75	68	100	111	112	99	41	105	65	96	41	67	66	56	82	107	63	29	88	5	85	51	116	48	59	40
32	66	92	55	120	122	61	91	100	124	5	104	56	110	75	1	61	44	116	102	0	82	70	73	19	111	117	85	112	60	104	62	45	55	91	16	48	92	65	1	87	21	1	25	108	105	87	71	121	93
74	35	106	92	58	49	71	112	94	34	48	27	41	28	51	1	62	71	97	54	14	0	119	116	18	75	102	50	107	53	7	20	48	10	61	62	60	92	89	104	51	33	29	15	36	119	1	73	50	58
11	8	19	77	79	22	43	20	64	116	117	76	77	102	65	93	20	25	124	57	102	73	0	54	111	66	46	113	26	19	95	113	49	50	26	70	103	92	54	84	82	16	124	73	22	100	120	12	86	78
115	4	74	49	88	38	87	44	52	48	119	113	75	80	24	116	83	117	48	59	122	51	91	0	84	18	50	57	12	47	109	18	112	20	108	1	75	45	86	48	12	71	13	59	60	62	66	114	99	57
14	107	58	47	14	80	50	114	5	20	113	74	58	58	89	113	47	54	6	120	73	37	42	18	0	62	52	5	80	42	93	103	10	60	85	99	50	86	41	94	112	30	47	79	116	37	22	62	85	3
64	99	27	40	51	107	58	16	103	86	121	81	3	68	68	7	24	1	18	48	40	46	85	105	77	0	78	58	76	114	47	64	102	97	46	9	66	44	85	111	73	18	62	25	112	27	24	50	49	75
11	117	95	101	12	108	93	94	21	4	62	61	23	117	49	81	91	92	24	50	122	96	72	25	61	99	0	40	116	87	88	81	5	61	49	88	82	121	10	115	8	64	30	109	102	57	6	114	54	39
89	78	55	21	62	108	26	80	124	123	116	88	4	68	62	14	45	55	40	34	118	55	26	106	59	59	123	0	55	48	22	41	121	93	57	4	104	57	37	98	107	102	102	13	69	56	49	110	38	123
64	113	53	16	53	32	42	106	108	25	10	9	61	53	6	107	81	43	100	8	99	116	6	3	66	60	37	72	0	8	121	108	85	100	24	14	37	12	79	11	37	56	102	2	87	98	88	40	41	62
28	10	92	46	6	3	19	86	30	84	65	4	56	8	12	64	71	23	15	93	24	18	59	56	41	74	50	71	7	0	4	87	76	17	108	115	12	111	72	63	86	87	17	114	39	109	75	21	22	8
88	39	93	20	66	100	113	47	110	101	115	26	106	99	117	22	74	10	17	82	56	20	92	38	105	114	68	88	82	11	0	81	46	118	72	67	18	26	64	89	91	78	12	61	105	117	86	95	13	109
84	91	112	40	116	110	83	81	23	113	38	104	41	16	99	47	82	82	20	13	68	71	39	36	114	63	61	110	91	85	37	0	66	25	23	71	106	55	124	64	15	110	24	111	26	76	16	38	84	36
88	76	9	80	3	22	5	58	99	73	90	67	78	100	74	20	112	3	79	5	97	90	63	91	91	76	38	116	60	62	89	29	0	46	35	119	38	53	65	90	55	91	57	121	121	106	35	36	9	44
122	27	107	95	39	99	116	58	59	12	68	48	77	72	34	50	43	64	99	121	85	116	9	36	40	71	23	118	6	6	58	11	73	0	13	100	37	56	80	26	112	50	2	123	40	68	67	25	81	48
62	18	86	18	115	11	3	36	117	73	104	6	62	112	91	42	93	66	71	53	54	100	14	23	118	6	15	100	13	102	3	45	72	17	0	54	66	84	91	5	43	115	105	93	109	61	118	123	19	71
58	74	86	28	59	96	64	28	96	118	69	117	119	65	77	49	42	107	74	108	97	7	48	106	112	34	96	8	22	81	40	116	100	27	101	0	102	62	15	122	80	61	36	74	119	57	28	113	67	10
61	29	110	63	44	23	59	119	36	76	57	23	72	68	19	62	12	64	85	81	122	8	54	98	119	47	31	21	34	45	68	56	81	63	100	88	0	97	51	2	61	6	111	15	74	89	111	61	36	91
83	1	32	93	14	38	65	11	123	14	120	112	62	115	38	64	72	52	87	97	78	19	30	10	98	88	4	9	104	22	81	58	34	85	16	49	49	0	49	101	20	19	5	91	52	30	15	33	7	96
27	38	46	35	1	24	36	11	8	17	93	29	48	105	54	59	38	73	59	6	39	5	120	28	93	46	26	111	66	90	12	71	48	108	17	89	20	78	0	109	28	32	71	115	42	31	111	77	68	20
63	15	13	14	105	78	28	18	100	92	18	65	104	36	70	103	33	31	21	80	10	49	35	68	2	106	98	105	72	104	114	32	30	7	62	38	20	76	99	0	43	119	68	11	49	65	13	61	19	105
58	92	116	42	87	120	48	19	107	78	27	57	90	20	36	84	68	6	104	20	87	28	81	98	33	25	51	57	105	31	81	64	14	58	121	59	123	80	56	87	0	45	33	42	106	93	121	82	27	59
56	18	37	123	54	74	32	71	43	98	14	79	107	41	84	12	30	20	101	99	40	75	46	104	64	21	104	26	26	60	95	35	40	10	34	115	1	110	43	33	98	0	86	84	54	62	113	31	111	106
41	118	121	77	115	112	107	73	73	33	27	106	70	94	123	17	120	9	35	18	57	6	23	22	32	20	5	57	97	84	71	124	98	94	86	104	85	7	8	10	57	94	0	90	4	53	17	26	35	72
117	19	87	54	47	34	68	67	36	7	25	11	112	95	30	34	44	58	110	45	74	23	120	71	86	64	1	34	45	12	2	18	49	118	20	18	45	66	41	71	73	115	38	0	77	50	87	6	124	16
17	40	79	39	2	79	85	26	24	25	5	51	53	65	43	24	54	82	15	5	7	44	43	42	115	62	115	20	21	98	76	92	107	45	50	1	54	105	62	28	24	19	42	97	0	66	103	39	47	85
121	12	59	2	102	97	71	20	82	26	84	68	86	29	15	17	104	92	60	50	93	85	52	97	69	62	59	40	111	79	34	13	63	3	92	81	42	96	15	67	99	51	119	97	112	0	53	55	98	29
118	72	117	113	106	29	6	30	69	2	37	68	43	54	54	40	5	114	36	111	20	67	102	7	20	68	51	57	24	23	120	83	64	19	23	31	70	109	113	23	29	55	64	63	118	88	0	91	14	60
16	41	110	91	22	75	92	97	61	67	32	2	6	18	114	17	7	38	13	43	40	15	61	121	39	78	49	47	24	50	26	113	59	31	9	31	18	36	33	41	42	106	16	100	4	17	48	0	89	21
71	25	83	39	31	52	113	87	107	87	4	33	18	73	10	14	76	78	48	39	15	28	66	23	77	95	118	47	8	14	45	49	43	79	118	43	87	44	111	22	4	104	96	68	3	107	116	22	0	7
12	102	39	19	39	103	75	84	94	33	76	49	97	46	78	5	114	73	88	87	105	57	106	62	11	112	118	52	37	79	105	36	55	18	70	37	49	48	90	57	73	6	63	114	91	33	100	20	116	0
M7
0	112	52	40	69	108	44	30	77	21	79	2	97	69	38	13	123	115	28	34	58	4	20	118	77	3	15	94	114	93	108	37	121	22	37	56	37	7	99	98	63	99	5	107	106	30	92	46	58	82
30	0	79	82	42	7	92	16	46	95	45	119	92	96	12	87	81	112	98	5	86	104	33	88	56	106	39	87	59	47	6	123	104	37	94	31	68	8	121	33	93	2	61	12	46	60	38	23	65	70
112	108	0	16	79	44	8	29	5	8	17	28	55	19	10	106	108	105	82	78	45	49	8	30	90	33	28	117	124	91	109	116	48	18	3	52	109	42	40	90	103	15	77	82	23	98	77	11	24	118
54	29	78	0	38	58	50	124	13	108	123	39	35	78	122	30	90	109	42	94	7	14	118	88	104	31	21	108	17	114	108	33	114	36	91	9	75	37	28	27	96	25	31	57	113	82	90	93	83	120
43	122	118	118	0	48	56	109	96	39	94	59	79	58	105	57	6	25	51	94	34	20	2	44	5	80	57	85	76	19	39	104	115	77	97	4	31	120	10	32	70	111	20	15	106	15	58	11	86	50
110	100	124	16	39	0	33	102	39	46	90	62	29	12	113	71	3	111	108	38	8	109	37	81	111	47	63	4	2	52	18	44	101	29	48	121	59	35	31	82	74	31	29	89	108	2	51	104	18	72
79	40	65	50	81	86	0	62	91	15	3	34	95	102	35	77	91	85	72	2	44	47	34	3	24	63	10	116	96	83	101	32	75	9	46	78	59	39	124	13	71	67	10	124	41	14	109	86	19	61
13	3	30	7	5	44	36	0	111	94	30	103	106	88	42	34	61	54	15	24	74	63	37	30	52	101	29	88	105	86	77	99	20	87	27	113	1	120	66	82	105	43	69	50	120	110	11	47	99	46
25	112	17	100	111	14	59	34	0	120	32	87	50	85	59	79	55	94	74	36	90	87	53	108	100	75	60	104	107	110	31	59	116	65	28	112	16	110	73	66	106	20	12	20	103	110	64	53	35	35
99	34	74	27	90	72	61	8	104	0	15	33	102	88	70	97	22	5	25	40	60	6	58	47	87	15	66	116	113	95	78	6	107	37	86	65	80	91	79	21	70	121	35	110	86	15	87	54	90	62
82	112	11	114	30	3	57	121	121	103	0	21	72	113	59	5	14	72	10	92	77	100	121	85	23	81	80	124	42	12	40	22	3	27	3	39	80	113	49	29	10	57	94	92	104	65	23	97	68	37
61	57	71	112	54	120	65	44	76	118	94	0	67	95	122	37	21	58	121	82	72	57	98	79	97	13	55	115	37	87	67	21	68	75	122	99	106	59	110	100	45	123	54	34	50	121	9	32	16	82
12	54	57	72	105	71	71	48	96	94	78	51	0	26	99	43	115	82	65	79	51	111	76	58	17	9	37	77	6	99	15	3	84	111	56	101	66	9	77	37	36	118	92	64	76	14	67	8	74	11
122	39	117	49	38	36	65	21	94	89	120	124	45	0	17	28	99	25	2	56	10	33	30	75	109	102	63	62	9	94	46	48	3	54	5	20	89	122	35	97	92	13	99	76	115	91	5	81	52	25
59	110	56	92	64	35	22	56	94	17	40	9	34	91	0	57	18	4	70	21	67	90	86	63	37	67	95	41	30	84	118	75	121	90	94	88	9	8	52	20	75	120	62	70	46	14	84	70	49	73
3	2	77	91	18	109	100	25	10	46	20	36	94	48	8	0	43	49	42	4	82	30	107	94	55	54	120	102	68	117	90	62	11	99	56	78	28	25	123	79	77	13	86	4	58	42	123	4	124	63
96	20	111	14	123	113	7	86	17	105	73	106	67	94	123	68	0	79	93	120	7	82	35	25	36	47	82	13	76	108	56	54	24	50	97	26	69	123	73	33	113	17	16	67	50	99	63	103	41	86
114	70	3	52	96	117	119	120	15	54	15	81	113	60	118	70	120	0	104	26	122	100	12	77	59	78	7	26	60	13	27	71	85	106	52	74	63	80	52	42	57	92	5	9	25	1	5	82	68	69
110	108	100	16	19	30	16	70	15	67	100	112	104	13	78	3	98	46	0	106	118	95	68	36	18	99	37	68	47	10	75	75	19	32	59	123	75	78	9	64	53	4	38	19	35	58	18	62	84	92
12	12	34	89	73	45	23	116	33	119	81	83	54	115	16	85	11	98	101	0	36	40	64	119	54	6	18	80	119	39	28	100	24	85	73	85	71	44	3	124	123	13	110	59	117	27	84	79	92	116
16	107	58	10	56	23	35	117	72	48	28	75	85	23	107	19	45	98	27	78	0	11	123	106	69	123	65	13	49	119	70	102	45	84	42	13	41	14	48	107	104	58	117	34	51	88	45	39	86	21
88	15	12	100	102	90	4	15	60	58	100	102	74	19	107	95	48	84	116	90	14	0	100	23	2	94	23	63	10	78	117	75	57	10	37	40	111	53	16	69	44	6	47	83	37	19	97	9	57	79
35	83	122	23	6	11	81	34	15	10	67	8	119	43	49	4	48	94	64	1	116	102	0	119	115	38	76	41	55	74	97	63	31	70	22	3	83	108	39	124	122	40	85	97	61	50	64	103	31	72
94	35	2	40	17	49	107	95	80	105	54	37	110	47	111	94	1	55	113	108	31	107	45	0	13	34	56	63	19	106	40	112	79	69	34	23	102	58	44	73	45	20	90	106	53	57	27	94	84	74
36	66	121	113	35	113	105	24	18	61	112	30	18	85	114	36	1	63	33	51	86	109	98	118	0	97	26	43	85	113	68	88	32	8	51	57	121	59	20	5	22	52	70	24	85	31	100	44	121	57
31	104	26	63	62	99	25	98	94	31	114	1	59	102	27	89	84	112	94	110	79	28	44	95	77	0	46	44	40	1	55	65	8	115	4	92	10	31	28	58	61	65	19	78	99	34	71	73	81	93
27	25	18	111	5	30	80	41	77	67	90	63	35	91	87	43	85	66	110	116	123	91	71	39	113	54	0	31	26	9	43	91	37	80	113	10	62	22	93	59	14	119	86	67	11	66	38	89	67	117
93	78	48	12	41	81	84	25	13	4	3	4	50	34	33	94	15	93	4	52	21	77	21	29	48	68	124	0	53	101	110	106	37	24	24	54	76	2	42	117	65	67	67	2	90	64	5	105	58	86
49	11	80	23	49	56	13	42	29	6	98	91	57	107	71	38	84	116	86	114	21	26	27	95	105	122	2	45	0	31	65	123	18	56	36	98	110	7	86	8	53	96	66	2	53	16	52	110	21	47
95	69	70	79	40	55	122	93	28	42	63	72	3	110	79	72	31	107	91	105	46	56	79	8	34	11	20	6	80	0	91	64	100	101	65	108	24	113	24	64	90	71	88	49	18	44	4	119	79	78
121	74	115	93	52	15	86	75	70	9	101	116	112	88	82	120	121	16	30	46	34	101	122	47	89	45	66	98	81	68	0	83	10	36	89	55	106	116	21	119	47	70	24	61	114	64	93	105	20	47
7	18	105	42	60	52	62	67	80	96	105	35	61	117	35	9	92	57	57	102	24	106	120	100	56	71	66	4	37	60	40	0	34	89	24	32	107	35	77	38	115	46	43	41	98	61	115	114	79	87
3	16	89	94	12	30	71	83	4	117	29	78	109	50	34	76	83	36	18	10	111	85	25	67	25	39	46	114	34	88	51	3	0	15	22	10	73	9	76	91	69	34	75	28	84	69	44	12	74	97
50	40	114	32	6	33	9	89	14	68	95	107	45	108	63	85	85	26	63	111	123	91	87	22	28	57	1	29	22	62	114	86	100	0	42	119	51	40	76	92	91	42	22	83	95	78	73	47	78	63
28	64	47	99	74	75	7	98	86	105	103	106	43	31	65	59	124	62	94	116	37	31	70	104	55	114	32	31	26	26	97	32	10	92	0	5	122	115	79	85	67	2	3	60	49	70	77	44	22	112
124	54	105	120	20	118	92	105	53	101	124	55	124	119	39	69	55	11	2	111	9	36	122	107	4	65	104	22	57	27	51	62	6	31	65	0	103	117	13	55	28	95	15	83	13	15	112	102	32	5
56	107	32	9	68	111	122	2	59	27	32	72	11	57	8	45	89	117	86	118	83	75	94	15	8	7	8	42	41	87	76	10	92	2	45	85	0	74	39	56	92	11	73	123	26	111	45	86	103	9
77	114	55	94	19	115	43	90	120	34	101	111	77	111	31	37	61	14	107	3	69	84	77	35	5	75	117	66	116	38	55	30	69	59	67	117	33	0	69	115	50	31	97	11	27	3	23	48	18	100
1	53	108	23	50	88	28	80	54	97	104	94	82	46	106	35	109	35	28	50	98	121	73	92	86	13	107	16	51	56	2	124	13	13	77	6	84	87	0	30	64	109	11	75	21	43	110	30	107	30
72	11	35	14	33	122	39	24	23	43	112	39	70	42	77	8	64	29	29	113	115	110	97	51	82	72	33	96	54	56	104	32	31	55	111	41	25	60	103	0	69	7	18	10	59	121	33	94	13	19
11	15	100	45	114	70	75	80	57	117	22	74	26	37	22	123	84	61	72	103	24	25	17	103	85	22	37	10	79	121	4	52	7	42	52	78	36	3	10	76	0	112	101	78	8	121	103	107	49	75
74	39	104	52	41	43	1	42	58	1	51	122	48	28	75	53	98	16	122	20	41	69	62	64	38	3	88	110	69	89	116	64	121	41	67	84	17	87	59	56	121	0	83	80	71	75	81	109	120	80
79	40	110	83	103	80	105	71	10	64	98	11	94	123	19	86	92	114	84	72	95	63	36	64	22	74	43	95	105	39	111	41	121	22	5	28	95	96	52	68	45	78	0	31	71	68	102	85	7	1
72	41	74	27	99	14	80	29	27	119	64	115	107	106	68	63	91	48	28	40	2	86	118	30	39	64	82	30	73	95	80	110	95	95	21	97	49	13	88	49	76	95	2	0	73	47	122	32	114	100
111	112	64	107	11	29	115	124	67	65	73	40	61	38	61	46	37	35	35	93	50	99	3	1	104	118	12	74	105	85	29	106	92	61	56	28	122	78	57	29	124	107	110	119	0	49	19	31	115	56
117	76	89	15	97	40	98	115	64	39	19	57	40	98	122	37	32	39	48	85	17	86	90	31	107	4	42	61	69	114	74	120	21	92	66	36	37	41	59	64	52	82	69	38	116	0	32	116	19	60
46	4	60	65	42	37	45	31	61	20	29	21	74	25	95	124	88	101	116	90	110	89	94	110	18	28	40	68	80	11	10	57	118	29	76	40	111	117	14	33	38	5	64	110	85	23	0	122	60	83
72	124	29	86	41	66	82	45	58	109	56	34	57	10	61	60	56	31	101	91	97	120	80	14	58	88	111	116	80	119	84	100	30	49	94	32	29	52	124	57	58	101	25	101	90	42	113	0	57	67
66	9	1	8	14	83	12	103	78	78	51	40	30	84	51	73	123	122	113	65	87	84	24	38	53	77	30	22	29	6	55	91	68	113	93	25	53	13	7	52	65	97	65	71	71	71	105	102	0	74
47	104	52	44	122	108	119	56	99	108	94	47	32	12	84	43	116	95	90	61	32	42	49	16	43	123	52	110	59	69	63	123	19	4	35	8	90	49	37	11	10	44	8	71	114	18	48	115	61	0
M8
0	92	41	75	117	110	100	76	67	109	65	44	65	6	78	111	38	38	76	27	26	31	8	122	11	80	40	100	51	49	34	28	88	18	103	92	59	26	77	75	108	70	21	39	105	116	66	122	73	41
7	0	114	36	59	113	29	89	7	47	36	18	92	20	19	59	39	24	75	89	50	84	21	14	94	37	41	77	110	121	109	66	72	49	118	38	88	47	50	13	25	94	54	66	18	29	71	55	47	65
73	1	0	18	86	106	35	63	62	20	2	81	12	21	51	45	69	101	16	21	110	62	84	6	75	105	1	79	9	35	5	39	8	98	29	84	37	78	87	22	120	96	27	9	54	49	36	102	75	89
17	79	93	0	122	13	108	87	44	2	44	83	6	54	116	25	3	98	102	1	117	113	57	72	41	54	5	112	4	121	113	92	69	29	59	23	94	42	35	60	119	4	60	47	72	73	107	57	97	71
124	28	85	94	0	48	102	24	111	69	102	67	7	55	40	118	104	79	36	26	75	27	1	110	66	38	119	69	27	69	63	35	124	23	30	25	41	38	105	118	103	85	111	37	110	4	103	24	108	80
6	18	45	118	124	0	71	124	23	71	74	100	38	20	55	3	116	29	35	123	113	53	46	62	70	27	82	71	15	110	39	96	73	42	104	45	9	100	78	120	66	94	33	74	27	44	107	11	50	36
23	46	24	122	54	21	0	53	34	115	1	124	34	4	64	20	116	3	76	63	50	111	118	109	53	12	76	30	23	108	20	37	47	75	43	61	71	39	16	69	115	44	102	96	110	93	71	75	61	109
49	63	55	49	61	100	115	0	72	77	18	108	61	90	114	42	87	12	61	112	50	84	43	58	18	55	46	97	75	116	96	71	4	31	81	23	47	18	122	117	17	21	66	99	55	98	17	115	12	5
20	40	37	15	31	66	58	5	0	69	18	52	14	8	76	72	121	104	68	35	62	19	75	19	71	102	58	20	108	50	97	103	106	104	99	96	100	99	22	54	69	114	39	89	15	59	118	6	81	40
11	92	16	17	47	122	113	35	66	0	95	122	94	54	55	62	21	120	103	9	75	105	13	87	111	94	93	63	72	99	55	76	81	123	75	81	105	21	112	2	122	98	13	85	100	37	110	25	16	12
84	35	45	44	62	117	88	10	54	41	0	65	35	25	57	90	12	115	85	31	30	22	62	104	20	87	5	90	84	73	56	3	10	86	102	104	116	74	67	56	6	52	18	3	49	28	9	94	109	118
106	51	32	123	91	74	90	100	77	37	97	0	53	122	61	58	62	9	109	23	40	60	2	68	5	6	49	6	107	71	38	56	18	103	58	35	62	106	101	87	45	65	105	87	90	103	61	56	112	57
51	15	69	67	18	77	43	79	64	1	114	45	0	30	72	20	33	79	93	101	96	112	54	2	45	39	51	33	33	39	106	112	50	55	15	15	33	49	53	11	4	106	120	82	14	95	81	107	105	25
63	123	19	8	53	14	32	22	98	36	105	72	17	0	89	42	5	121	101	117	18	36	88	107	54	61	99	94	51	88	38	35	66	97	6	54	46	38	88	105	66	74	59	48	29	52	95	90	47	105
46	82	78	83	47	35	109	3	60	60	6	53	95	34	0	11	23	116	101	85	107	70	35	3	60	121	118	68	55	83	5	85	39	60	29	108	19	116	117	48	115	42	95	106	17	89	70	48	90	72
33	91	123	16	31	111	124	46	112	17	74	30	96	35	39	0	98	33	94	60	119	5	90	55	55	40	44	97	102	111	5	100	107	63	5	96	72	115	118	71	89	105	114	114	64	52	70	26	112	16
122	67	87	32	31	86	39	19	48	121	121	2	90	28	73	7	0	121	49	95	3	72	66	64	82	19	9	89	62	124	89	44	118	10	42	16	101	109	86	116	64	16	118	30	90	25	18	69	20	90
24	33	93	93	11	89	61	54	47	34	69	17	121	82	78	49	4	0	115	53	17	45	90	116	10	74	114	99	39	19	59	106	39	80	43	105	2	44	90	91	84	96	104	17	76	62	35	101	16	116
56	43	12	63	71	25	9	53	59	6	122	25	6	115	74	47	123	69	0	62	40	50	9	14	107	28	99	16	24	77	118	36	59	97	40	53	100	101	47	33	76	76	38	24	79	112	118	31	19	108
81	111	110	8	55	41	108	61	17	57	44	6	28	88	30	88	79	46	106	0	30	97	18	117	28	51	3	28	78	30	95	108	45	51	61	102	59	6	28	84	109	92	60	83	108	74	8	118	87	9
92	15	12	123	64	110	51	25	78	9	96	112	61	71	70	79	17	98	105	46	0	2	99	104	29	16	28	45	97	106	57	119	117	116	120	9	109	65	63	57	71	29	90	103	97	72	54	31	78	35
44	107	16	33	48	1	28	53	60	93	35	50	98	44	7	116	81	39	68	80	67	0	109	49	19	11	32	62	4	97	114	28	116	121	80	42	107	29	32	47	58	38	26	44	107	8	62	93	37	39
54	49	83	43	46	71	95	58	55	56	81	11	95	95	86	121	95	32	1	97	78	43	0	53	117	108	1	26	71	83	110	18	124	59	7	90	116	105	3	67	69	93	97	11	117	84	14	90	75	33
53	31	13	49	100	69	5	101	4	33	93	109	101	25	78	119	57	34	118	52	86	2	56	0	60	53	102	13	32	79	96	120	78	80	57	115	1	55	23	78	9	123	82	18	102	54	91	2	103	97
12	86	50	64	101	77	114	7	19	56	101	29	22	11	97	120	102	74	18	121	91	16	79	24	0	107	59	112	18	78	109	65	59	37	9	39	57	78	116	32	17	26	1	44	38	103	108	16	91	109
14	83	14	84	44	55	90	21	73	29	104	41	100	110	30	39	84	108	63	31	81	83	108	118	118	0	72	96	28	13	63	66	58	16	81	75	74	63	50	54	86	58	77	120	105	36	32	9	115	87
1	81	65	53	35	30	20	72	113	10	52	58	26	28	96	113	47	24	14	23	43	117	50	29	72	58	0	98	89	49	25	27	124	104	114	48	36	21	1	57	42	57	21	8	68	124	117	38	48	39
81	120	47	10	77	7	21	40	99	41	43	67	17	76	9	88	39	104	84	44	83	35	102	5	64	44	100	0	9	10	113	14	18	97	119	56	45	78	34	83	97	117	30	43	45	83	107	4	17	110
122	51	101	64	112	95	23	13	14	73	10	36	92	36	95	44	119	22	112	107	60	37	71	48	104	95	124	102	0	7	84	108	88	122	87	61	73	53	4	14	54	86	20	18	62	36	95	32	26	114
89	44	1	119	91	2	17	6	68	4	113	73	49	105	104	10	19	34	87	96	78	92	65	8	80	102	111	49	4	0	112	21	110	76	41	63	96	101	19	90	45	65	63	63	25	32	26	46	74	94
124	52	87	88	90	111	92	10	15	116	24	24	27	11	120	99	50	70	107	63	89	22	104	53	113	55	119	117	37	51	0	117	111	57	12	99	71	47	75	104	47	65	41	20	3	109	102	44	76	11
21	120	115	16	8	18	106	24	103	31	100	82	11	74	43	49	104	57	80	93	26	6	43	117	10	14	116	99	31	39	95	0	107	5	82	40	68	55	60	40	94	5	99	100	8	65	13	33	64	63
117	62	71	98	79	86	95	53	22	119	9	33	24	47	18	87	44	11	99	112	84	28	55	86	80	70	56	109	15	28	59	94	0	38	105	37	116	54	124	100	111	101	99	2	97	53	117	41	52	34
95	54	68	12	105	71	86	22	42	122	40	43	19	108	122	56	68	8	95	109	94	44	33	102	95	17	90	62	44	91	28	59	3	0	87	123	88	45	109	27	12	2	3	4	71	49	32	44	12	74
90	111	118	41	18	72	39	103	19	5	1	111	81	115	107	84	69	45	6	104	74	86	53	19	18	27	85	85	21	100	99	16	104	57	0	30	123	45	20	91	76	120	83	75	30	39	11	16	85	80
40	30	30	47	101	67	114	12	10	76	16	6	5	116	51	82	16	113	109	80	73	107	43	88	75	4	55	114	6	104	17	42	4	120	51	0	44	67	14	16	107	106	49	30	40	66	89	109	17	9
84	6	12	88	99	116	86	102	13	120	76	112	44	34	85	20	63	12	9	13	22	31	76	99	17	114	45	62	21	9	117	120	107	53	32	78	0	121	111	57	41	88	82	61	65	109	60	56	112	89
113	72	124	8	47	90	19	2	57	61	118	22	86	55	4	43	105	16	89	19	50	90	18	103	92	75	66	55	33	13	122	2	48	42	122	57	32	0	97	26	36	66	123	80	52	73	88	120	76	2
21	79	52	34	53	37	63	106	118	40	111	37	102	77	51	116	35	11	44	33	71	33	38	27	11	14	52	91	62	2	87	67	34	35	23	119	87	105	0	109	1	62	9	116	45	58	70	62	106	99
74	10	53	9	76	60	120	121	81	65	30	38	116	29	115	101	102	24	68	109	107	17	75	20	86	7	51	78	7	53	41	90	9	38	51	59	73	38	80	0	96	39	113	47	36	122	51	69	74	88
65	96	63	51	72	56	97	110	77	65	71	109	119	57	42	41	124	63	21	65	45	60	73	116	73	69	43	117	2	88	110	80	71	2	41	75	70	91	25	14	0	97	114	35	40	49	26	49	57	60
83	94	97	36	16	56	13	49	37	6	13	51	69	51	74	8	35	37	68	66	3	21	73	68	120	57	24	79	55	10	102	50	60	6	90	103	74	45	21	122	36	0	86	36	66	18	41	99	7	28
69	46	124	37	52	39	91	19	59	100	20	114	6	3	89	21	3	93	97	37	35	33	104	46	33	101	110	55	35	94	115	19	57	28	70	113	78	4	124	17	54	124	0	4	34	50	119	92	74	111
31	5	6	12	35	36	60	58	67	72	34	42	30	50	123	70	33	112	77	53	35	103	86	16	15	108	6	87	96	11	34	10	80	69	4	83	107	60	93	85	101	34	47	0	3	34	64	40	79	82
96	71	48	41	66	94	7	5	110	84	117	110	88	43	23	47	48	106	101	53	48	50	3	63	27	48	42	21	79	44	79	76	124	35	7	30	30	47	51	18	109	57	73	122	0	112	74	3	110	80
59	36	21	99	103	35	3	31	98	88	59	57	119	90	40	62	85	114	104	115	97	13	41	25	77	70	124	33	57	77	79	66	33	100	5	45	70	120	32	94	1	4	4	1	79	0	35	2	31	11
51	86	47	37	93	1	100	32	28	19	93	1	23	14	40	123	4	93	65	34	37	80	92	41	81	116	79	63	108	116	40	25	116	20	28	52	80	13	26	43	50	114	75	117	18	100	0	46	99	74
98	71	93	22	13	94	117	44	67	4	46	33	40	106	15	104	45	114	96	102	9	65	96	45	7	55	76	16	30	14	28	8	49	78	119	28	12	117	114	51	60	24	79	57	56	11	40	0	52	20
90	17	121	108	52	39	103	69	21	3	121	115	7	25	121	73	78	121	94	74	2	28	62	80	58	47	77	76	37	85	116	28	95	50	68	120	19	78	124	87	7	98	88	52	98	7	99	19	0	43
5	99	10	35	88	99	24	63	35	17	13	109	60	73	118	120	79	80	46	71	33	60	4	83	25	70	33	122	60	121	77	47	64	9	69	75	17	113	68	40	87	75	30	35	45	67	64	12	2	0
M9
0	13	71	9	82	48	45	113	19	123	6	48	75	111	38	19	114	124	65	55	16	111	49	28	76	100	44	5	47	113	109	92	110	55	75	81	20	30	93	4	26	77	45	101	113	110	36	115	111	90
4	0	102	27	33	86	107	80	91	98	96	120	94	91	40	87	113	1	110	122	5	68	74	70	38	99	21	34	32	52	97	30	9	77	44	102	1	82	27	7	74	114	20	118	14	69	11	11	54	103
114	29	0	28	43	60	7	13	123	55	121	30	36	79	110	73	44	28	32	65	98	74	95	98	14	122	70	116	74	14	98	82	80	59	115	86	3	113	18	31	70	84	84	5	34	27	112	63	100	25
89	86	103	0	78	38	113	95	10	50	20	105	38	87	113	67	107	119	100	87	55	119	26	23	3	54	101	64	13	62	96	9	77	37	106	98	35	108	96	36	46	60	82	11	48	107	32	14	119	14
46	99	118	32	0	79	63	85	87	83	114	85	6	4	94	51	121	97	120	105	34	48	14	109	22	35	106	115	55	53	59	29	8	78	120	79	53	49	27	118	39	81	20	23	3	79	124	9	77	89
111	116	1	120	84	0	83	35	98	56	38	95	110	34	88	47	38	18	3	64	69	3	26	60	97	82	82	9	79	53	84	124	41	50	62	19	115	54	112	120	117	117	93	34	97	81	1	64	70	66
123	25	47	78	111	105	0	4	78	122	121	99	24	110	95	97	69	101	59	110	106	102	98	52	20	37	71	120	33	42	103	2	72	88	99	41	96	66	50	38	4	108	79	70	122	115	57	82	89	60
45	83	54	92	88	108	89	0	101	49	2	38	56	68	91	3	88	32	13	25	91	69	60	75	106	15	14	121	77	65	1	60	54	105	37	84	6	9	111	119	2	77	23	57	89	101	30	107	103	25
69	83	22	11	49	104	38	78	0	37	109	43	34	41	91	115	73	124	12	28	75	4	4	52	34	54	117	7	79	65	43	31	106	97	118	78	24	100	124	51	61	86	112	9	115	72	76	68	112	27
28	102	55	100	102	48	62	56	59	0	121	116	124	1	57	13	6	106	115	53	56	15	24	25	71	98	44	74	20	66	27	93	72	78	57	13	81	124	12	76	74	38	69	62	69	78	37	59	107	21
123	95	2	122	61	45	113	98	39	34	0	116	20	21	89	114	106	105	60	124	122	71	6	118	24	58	5	66	35	114	16	112	91	100	68	17	21	124	92	47	82	81	105	27	54	122	4	36	62	95
110	26	121	80	48	36	50	119	15	88	34	0	101	107	8	48	56	65	51	123	27	30	46	85	80	12	95	71	70	72	114	19	11	124	73	115	123	42	12	90	103	29	43	24	98	16	55	121	11	103
46	67	58	112	118	83	20	85	100	4	16	107	0	34	53	92	113	51	71	12	98	70	59	62	90	15	112	122	1	41	47	115	122	64	84	115	113	116	113	78	22	2	68	29	6	123	119	94	9	112
48	38	89	72	57	115	107	24	64	109	28	30	59	0	37	112	38	3	72	73	97	32	8	3	63	17	96	114	115	48	29	45	29	80	94	35	91	3	84	97	20	52	33	18	109	22	71	112	16	120
29	49	88	4	8	70	108	6	117	115	18	45	41	2	0	67	44	55	95	39	2	109	66	9	33	34	97	18	49	27	82	43	83	68	116	76	13	99	4	16	103	38	17	111	72	39	85	112	37	20
73	41	99	30	3	56	119	44	96	19	8	96	34	33	5	0	123	119	9	106	2	67	95	33	88	33	80	89	63	50	44	6	70	39	59	32	6	11	31	86	36	52	28	16	107	28	19	96	108	44
51	20	5	14	91	54	45	85	9	61	40	72	110	112	13	81	0	21	99	22	53	109	113	25	79	108	70	23	46	28	38	38	17	78	54	98	80	50	83	98	47	3	76	32	5	55	119	10	56	62
40	8	79	27	41	63	124	101	43	65	122	79	108	33	59	54	75	0	91	116	79	67	103	123	74	103	107	122	113	7	77	87	35	33	92	25	71	114	123	89	122	58	90	86	66	55	66	85	30	12
117	82	89	116	85	101	6	110	98	2	18	102	84	64	5	72	99	64	0	90	115	93	80	62	116	89	69	120	96	89	26	20	108	6	51	50	120	105	93	107	70	95	13	117	78	2	22	122	89	52
105	112	107	24	33	86	98	65	124	121	46	33	79	2	49	35	79	112	5	0	21	46	90	79	72	78	8	77	31	11	5	81	45	43	98	63	10	89	13	9	28	104	66	64	57	87	41	80	53	87
107	99	99	108	65	114	15	46	26	88	101	99	102	109	119	8	63	110	60	95	0	57	103	123	36	73	32	47	33	40	17	107	106	49	21	30	13	42	26	41	58	5	72	121	124	83	51	16	119	81
41	102	103	88	18	9	119	1	50	119	43	115	108	67	28	8	43	40	68	57	43	0	33	60	22	84	102	65	74	96	45	106	32	48	103	119	123	13	97	103	81	65	118	11	96	49	124	105	109	97
22	40	49	23	2	43	22	24	34	43	43	123	90	58	101	113	70	106	81	101	66	37	0	37	121	118	98	24	91	42	79	40	24	36	24	102	72	97	48	70	15	10	70	43	78	107	52	34	124	52
104	30	49	99	16	87	105	45	109	28	58	30	51	39	72	59	71	82	51	104	40	101	24	0	100	56	93	94	1	27	5	3	15	112	63	122	16	60	70	3	52	116	75	82	122	107	27	22	106	62
1	72	65	34	44	114	108	48	48	119	120	31	118	76	87	81	51	91	22	115	66	17	24	83	0	98	115	50	72	108	64	111	83	21	123	33	91	69	70	61	112	100	41	14	100	40	83	69	43	14
101	81	50	26	75	73	115	114	44	115	7	69	46	49	49	81	70	71	73	94	20	92	85	32	62	0	51	8	112	45	47	109	120	50	42	31	20	71	40	88	104	71	67	80	124	98	57	81	22	31
2	16	30	65	62	67	86	74	50	12	114	15	26	99	67	88	14	23	111	124	117	20	13	91	104	78	0	49	11	67	6	81	1	33	4	32	27	60	54	95	33	24	105	3	80	49	33	75	116	115
42	110	72	104	68	121	60	120	18	48	106	52	104	25	99	6	43	121	72	30	56	103	83	61	21	41	110	0	79	15	16	40	99	27	67	96	26	36	51	123	81	31	9	115	23	112	19	76	24	67
70	87	18	103	118	61	70	101	52	11	118	101	36	13	104	89	29	101	12	116	8	119	28	107	122	51	35	96	0	3	58	72	55	13	55	49	119	111	115	32	49	39	92	84	54	57	69	28	16	36
88	45	25	39	71	70	102	16	86	58	77	67	45	24	38	81	56	2	43	16	85	1	55	60	75	62	92	27	117	0	28	16	122	26	87	113	28	70	17	104	119	52	102	32	80	43	10	93	26	14
107	82	101	123	102	45	107	86	50	14	44	70	22	98	69	106	79	6	70	19	122	65	49	60	95	18	58	58	44	97	0	92	74	78	85	103	73	35	57	104	38	90	70	106	91	62	72	23	116	64
92	100	13	93	45	96	9	5	45	43	98	30	102	19	102	102	47	93	92	68	115	30	1	15	94	113	95	85	43	1	63	0	64	29	17	84	76	94	115	76	89	80	103	50	3	82	39	60	97	101
107	26	46	104	45	75	73	1	112	1	37	42	14	50	80	117	54	81	46	121	14	102	25	46	80	48	7	60	4	5	85	26	0	18	36	7	23	118	24	53	30	55	100	1	22	67	26	90	49	35
40	47	23	6	83	26	68	94	108	96	109	10	89	64	115	35	98	65	101	24	16	35	8	40	66	66	112	37	36	53	36	119	63	0	71	57	113	47	101	105	38	122	89	101	23	64	15	60	83	3
28	61	91	3	15	85	67	73	85	113	40	95	30	55	59	66	57	90	40	57	47	68	81	106	57	80	3	21	16	62	48	103	29	106	0	86	96	32	122	38	44	44	4	65	65	60	101	63	30	18
105	45	85	79	73	44	82	86	15	27	27	5	97	29	70	21	55	75	64	37	56	4	33	62	54	95	27	37	63	56	124	37	68	70	10	0	76	69	20	70	20	48	43	117	20	30	89	11	31	85
61	83	26	30	40	93	20	90	104	33	82	97	53	82	20	55	113	118	84	82	6	95	87	121	119	49	77	117	4	97	32	111	101	115	33	19	0	124	31	57	109	64	106	46	124	27	80	70	6	104
106	67	94	22	58	28	101	67	49	49	13	10	68	70	35	59	27	11	75	10	30	74	32	64	116	8	88	41	103	114	96	30	78	26	44	113	112	0	88	25	66	65	34	7	59	99	14	117	107	95
75	82	96	25	106	77	62	28	24	70	123	82	24	112	57	44	6	72	104	36	28	106	40	16	110	37	65	58	53	108	96	7	11	5	65	77	72	15	0	11	27	6	47	12	8	121	78	37	51	91
28	89	111	114	108	32	41	83	56	30	124	75	117	62	101	17	11	116	2	26	36	107	17	92	12	33	61	47	2	124	51	35	88	66	123	2	89	81	1	0	113	36	44	43	41	115	94	8	83	99
107	113	31	9	42	2	27	100	102	113	17	5	33	32	2	11	59	106	100	36	93	101	89	89	33	123	106	61	91	9	116	99	40	105	36	97	2	77	30	92	0	97	101	67	69	32	13	76	8	114
98	84	105	95	18	3	97	14	115	1	22	7	48	64	46	69	48	1	16	39	63	53	34	108	24	58	39	73	46	8	122	57	14	10	5	105	24	74	84	88	82	0	28	54	101	101	40	52	124	14
17	26	77	122	23	112	64	70	46	117	40	93	85	103	110	19	68	114	16	111	2	92	74	27	59	74	68	52	72	62	38	74	63	66	35	15	97	36	107	120	34	121	0	119	25	17	28	23	33	87
116	81	119	88	54	1	16	42	110	31	68	108	100	39	56	2	121	73	94	36	28	90	117	98	102	60	116	48	54	71	100	28	112	57	107	115	46	108	57	120	51	45	99	0	8	21	10	37	81	100
98	64	79	79	81	68	14	100	40	55	93	45	53	19	110	6	63	105	92	38	102	96	10	23	97	5	50	9	104	97	58	86	10	94	68	75	109	46	124	16	41	60	105	68	0	46	88	67	121	91
113	6	17	27	19	121	12	108	51	52	78	8	67	74	86	77	77	74	42	44	61	98	107	106	8	81	24	25	108	13	86	1	103	73	111	12	26	68	116	53	38	124	74	51	31	0	31	32	62	2
21	24	90	67	51	1	82	59	57	14	115	10	72	73	22	18	114	93	25	7	31	47	88	49	42	46	91	74	90	26	99	75	63	82	41	77	45	52	124	32	109	97	95	95	8	55	0	1	19	53
3	122	40	16	123	54	75	120	123	13	33	50	98	63	103	81	47	30	48	89	108	69	29	106	37	17	48	86	53	31	114	42	20	76	19	98	28	94	18	95	16	98	123	88	76	76	110	0	61	16
25	123	17	2	57	59	82	53	82	53	90	14	74	36	84	96	115	28	54	55	37	58	112	14	31	61	24	84	2	92	89	101	83	12	106	49	39	42	113	67	18	44	58	56	85	106	42	73	0	62
87	103	109	17	37	112	112	22	63	55	50	74	17	110	63	102	112	84	56	21	53	66	84	78	86	38	97	15	122	1	61	73	37	41	82	97	79	76	11	54	101	19	69	22	70	43	50	63	14	0
