50  10  1
10
	0	39	1	28	2	79	3	8	4	14	5	41	6	32	7	88	8	30	9	50
	0	44	1	37	2	82	3	83	4	26	5	22	6	14	7	88	8	6	9	93
	0	37	1	27	2	92	3	93	4	36	5	30	6	63	7	57	8	100	9	74
	0	8	1	6	2	31	3	31	4	5	5	70	6	4	7	8	8	1	9	2
	0	98	1	98	2	48	3	77	4	8	5	77	6	94	7	73	8	9	9	37
	0	42	1	79	2	46	3	43	4	28	5	92	6	48	7	44	8	64	9	84
	0	10	1	81	2	73	3	49	4	82	5	67	6	89	7	75	8	59	9	41
	0	12	1	89	2	65	3	12	4	41	5	74	6	65	7	54	8	14	9	59
	0	69	1	10	2	36	3	21	4	83	5	11	6	81	7	63	8	49	9	41
	0	88	1	51	2	59	3	82	4	84	5	18	6	41	7	17	8	16	9	83
	0	64	1	3	2	71	3	23	4	87	5	12	6	14	7	14	8	66	9	13
	0	67	1	26	2	94	3	56	4	19	5	19	6	26	7	52	8	44	9	6
	0	23	1	87	2	47	3	56	4	26	5	6	6	83	7	58	8	13	9	48
	0	16	1	80	2	37	3	22	4	7	5	78	6	28	7	57	8	51	9	57
	0	6	1	68	2	5	3	66	4	45	5	15	6	70	7	96	8	82	9	51
	0	29	1	22	2	65	3	84	4	47	5	75	6	73	7	100	8	80	9	63
	0	63	1	19	2	63	3	78	4	29	5	92	6	66	7	33	8	62	9	46
	0	32	1	42	2	62	3	43	4	49	5	26	6	40	7	12	8	11	9	4
	0	95	1	57	2	70	3	14	4	76	5	77	6	93	7	58	8	44	9	21
	0	59	1	81	2	13	3	75	4	79	5	17	6	23	7	66	8	17	9	65
	0	67	1	17	2	32	3	83	4	95	5	82	6	91	7	4	8	55	9	64
	0	9	1	19	2	41	3	84	4	20	5	85	6	63	7	48	8	81	9	33
	0	65	1	44	2	71	3	9	4	42	5	52	6	29	7	63	8	36	9	67
	0	49	1	55	2	31	3	46	4	22	5	72	6	49	7	38	8	93	9	48
	0	23	1	76	2	79	3	47	4	25	5	8	6	52	7	41	8	45	9	17
	0	6	1	5	2	48	3	54	4	38	5	99	6	87	7	76	8	24	9	8
	0	18	1	78	2	70	3	84	4	51	5	48	6	69	7	76	8	49	9	81
	0	89	1	60	2	35	3	42	4	78	5	17	6	91	7	72	8	60	9	91
	0	45	1	45	2	56	3	55	4	85	5	53	6	54	7	50	8	44	9	59
	0	20	1	70	2	51	3	48	4	10	5	35	6	30	7	80	8	33	9	39
	0	6	1	93	2	82	3	93	4	41	5	46	6	11	7	86	8	10	9	79
	0	60	1	43	2	96	3	32	4	14	5	41	6	50	7	56	8	82	9	17
	0	66	1	4	2	18	3	97	4	49	5	89	6	18	7	94	8	79	9	34
	0	72	1	83	2	10	3	72	4	43	5	49	6	48	7	59	8	28	9	40
	0	90	1	100	2	84	3	8	4	38	5	14	6	61	7	96	8	3	9	92
	0	54	1	4	2	64	3	4	4	67	5	58	6	61	7	77	8	64	9	45
	0	17	1	43	2	37	3	5	4	37	5	29	6	18	7	84	8	20	9	44
	0	22	1	88	2	69	3	68	4	89	5	97	6	19	7	71	8	71	9	31
	0	84	1	5	2	75	3	68	4	7	5	40	6	57	7	54	8	67	9	53
	0	38	1	78	2	71	3	79	4	75	5	79	6	45	7	90	8	20	9	6
	0	80	1	51	2	33	3	66	4	20	5	81	6	50	7	24	8	95	9	19
	0	14	1	35	2	19	3	51	4	20	5	15	6	20	7	81	8	26	9	9
	0	80	1	21	2	50	3	82	4	76	5	54	6	30	7	56	8	73	9	93
	0	33	1	73	2	8	3	19	4	47	5	39	6	48	7	100	8	62	9	5
	0	30	1	12	2	56	3	70	4	12	5	3	6	31	7	7	8	89	9	86
	0	58	1	75	2	47	3	50	4	31	5	48	6	74	7	18	8	38	9	62
	0	45	1	93	2	12	3	94	4	43	5	77	6	94	7	96	8	89	9	51
	0	40	1	57	2	94	3	46	4	56	5	76	6	55	7	45	8	24	9	52
	0	55	1	4	2	81	3	30	4	46	5	74	6	31	7	68	8	15	9	59
	0	35	1	2	2	67	3	56	4	82	5	33	6	81	7	42	8	51	9	54
SSD
M0
0	8	12	11	48	33	27	35	36	9	38	42	8	9	35	33	39	45	43	12	18	29	3	23	27	14	31	18	1	37	11	18	28	15	36	31	23	19	5	25	25	29	7	33	4	18	8	18	27	12
26	0	49	24	34	13	48	39	48	6	21	32	19	6	10	35	33	7	20	12	48	12	22	40	7	40	48	49	13	25	25	7	12	46	34	1	11	13	5	4	16	6	18	19	19	47	6	48	48	15
26	28	0	26	24	45	6	2	10	35	2	29	40	12	20	1	1	33	48	47	24	46	24	35	42	12	46	2	25	34	28	12	34	7	32	6	35	15	31	17	44	27	44	34	1	3	24	49	13	21
16	41	41	0	30	44	15	34	39	23	9	17	46	48	38	19	32	39	46	12	46	19	44	28	42	39	20	46	49	35	45	43	36	4	40	24	8	47	7	9	25	34	13	2	16	48	14	7	31	12
11	36	4	6	0	19	3	34	21	12	14	25	37	44	31	24	16	46	6	30	2	4	48	28	41	14	48	40	29	37	16	42	15	17	13	48	18	18	18	41	3	12	33	23	26	17	1	41	3	16
34	44	15	40	42	0	41	32	40	24	38	5	25	47	15	14	35	14	39	21	7	29	37	20	1	29	13	9	49	6	5	19	10	33	47	34	42	38	43	19	2	35	1	3	11	36	10	24	41	33
34	18	45	49	32	37	0	39	22	35	9	46	33	42	18	41	40	30	44	26	39	48	40	34	38	43	14	43	45	44	14	12	32	37	49	35	49	18	44	15	25	3	11	26	1	41	5	29	15	35
19	2	8	6	12	4	32	0	3	44	38	23	2	1	31	42	49	44	16	5	26	4	47	45	2	13	27	10	47	35	46	37	1	18	17	12	1	23	6	8	38	10	28	48	18	3	34	16	22	23
21	2	19	9	33	38	40	27	0	1	43	21	15	18	6	13	40	14	25	1	39	14	6	33	43	11	33	45	39	14	22	2	39	26	29	47	24	47	49	1	28	17	16	26	3	23	37	5	26	25
31	11	3	30	6	42	37	2	20	0	44	31	12	2	34	39	45	37	45	41	44	22	35	6	11	25	43	5	46	20	9	49	25	19	22	31	37	36	43	1	32	34	35	48	27	16	13	4	38	30
33	31	9	42	23	11	34	48	11	31	0	25	11	4	25	30	34	8	18	45	18	36	3	49	34	48	13	13	42	26	6	2	21	16	34	4	41	11	8	7	47	25	41	2	36	16	6	45	30	29
32	43	17	45	28	18	8	24	47	24	30	0	14	3	26	27	33	22	18	44	22	26	13	16	44	45	20	43	20	33	20	18	31	19	1	43	15	25	19	27	13	25	21	48	11	43	43	27	11	39
24	23	49	6	3	27	39	4	31	46	39	35	0	43	15	44	48	13	3	14	3	47	46	27	20	17	35	1	14	27	3	9	8	20	39	13	3	44	38	36	29	38	32	41	30	47	44	34	18	8
44	33	36	19	49	38	6	31	47	15	36	40	45	0	23	22	34	5	1	33	22	39	26	34	46	4	45	24	4	38	2	48	39	11	37	13	12	6	26	10	33	12	32	26	39	2	34	8	24	22
25	31	37	2	6	33	20	36	15	11	27	35	31	39	0	41	42	12	32	23	13	32	8	1	25	29	31	21	27	9	12	26	40	22	39	6	27	34	38	21	24	14	21	22	30	45	14	28	22	16
8	15	4	10	26	11	4	28	41	24	31	46	8	3	2	0	48	17	10	1	33	16	20	29	3	28	36	26	49	22	40	26	30	18	16	42	20	44	49	33	4	35	28	35	35	47	1	43	35	34
2	41	30	32	39	35	39	38	7	32	36	37	48	27	11	3	0	21	23	34	39	2	18	22	27	5	12	45	5	39	47	36	26	45	46	15	3	6	44	28	1	14	15	30	14	3	42	34	15	43
24	34	41	11	33	3	20	18	45	34	32	23	41	27	39	24	47	0	37	45	1	29	24	49	28	48	43	26	31	33	49	22	12	5	15	31	20	24	9	8	20	25	42	8	31	44	6	36	36	8
8	29	7	30	27	10	13	13	24	29	41	5	29	4	18	8	25	39	0	29	3	4	19	8	47	47	33	23	22	42	40	48	23	45	21	15	9	36	42	20	45	3	48	20	7	18	4	26	7	30
47	40	3	46	24	17	17	12	38	37	36	33	40	41	21	32	42	15	44	0	47	47	46	42	46	41	31	34	33	29	11	7	3	38	12	27	46	29	27	42	32	27	40	39	42	35	13	9	6	14
5	39	6	15	28	4	9	36	20	27	17	49	18	45	24	45	4	48	7	29	0	8	43	41	30	28	32	10	40	28	30	18	5	34	12	2	20	43	38	26	39	9	19	29	48	7	44	38	3	29
8	31	8	20	43	6	5	26	7	47	33	18	8	30	39	8	1	25	29	12	14	0	22	32	1	38	8	22	5	4	48	45	10	18	20	36	17	25	29	32	39	3	39	5	29	46	13	38	32	16
13	44	42	1	3	22	25	8	11	31	4	8	18	10	15	8	22	26	41	27	48	20	0	48	2	43	9	26	34	46	28	21	33	49	9	39	30	12	42	42	44	18	47	14	23	21	32	23	30	34
24	29	44	37	2	16	31	37	12	38	40	22	30	38	3	17	2	46	38	28	3	41	11	0	33	9	11	46	40	48	13	3	47	18	8	31	4	37	33	13	26	44	13	16	41	22	5	41	45	41
46	19	13	36	39	13	33	14	36	10	20	47	19	16	6	32	45	46	40	12	19	13	33	2	0	13	45	15	28	43	34	12	35	18	24	17	5	32	3	17	26	1	23	15	19	30	29	45	29	1
7	27	35	22	41	6	39	18	43	16	26	32	38	42	26	28	11	22	44	46	25	6	22	27	32	0	37	3	38	21	6	12	25	37	26	45	19	6	16	29	22	9	25	43	4	31	10	48	36	44
47	18	36	20	42	40	9	12	14	37	38	39	18	19	12	19	36	5	17	4	5	4	39	20	35	8	0	40	6	34	24	43	47	46	12	33	22	45	34	2	21	28	15	30	2	17	29	44	38	42
2	49	31	39	11	47	38	46	48	34	28	34	12	40	47	10	40	2	10	4	21	31	49	24	28	19	44	0	29	8	47	42	13	48	33	26	8	10	42	10	23	46	26	33	25	10	12	31	9	43
31	9	29	28	38	20	7	19	10	25	34	11	39	32	3	37	9	22	20	25	34	7	37	30	15	23	21	4	0	32	42	6	35	41	35	8	48	30	36	41	31	17	20	6	29	25	16	49	32	49
47	10	42	1	40	20	33	2	23	32	20	18	31	42	8	32	4	44	39	29	35	4	9	4	25	17	46	7	12	0	29	25	5	24	35	13	37	47	15	37	39	26	18	19	26	4	1	27	30	20
22	20	26	34	28	48	40	5	37	30	25	41	2	34	6	19	23	49	4	3	25	24	38	43	34	3	7	25	43	37	0	43	36	41	21	27	34	10	43	49	44	34	38	11	36	11	1	10	44	26
29	27	8	14	29	10	8	36	11	49	16	22	5	6	49	29	40	5	17	6	42	9	48	25	17	39	32	37	43	5	7	0	18	41	2	48	4	36	22	21	26	21	36	5	20	24	32	49	32	35
47	47	30	42	49	40	21	2	24	24	45	9	7	6	45	39	36	44	27	30	45	5	2	48	41	27	10	16	17	22	23	30	0	13	23	10	41	6	15	33	13	23	14	37	16	12	36	29	40	8
44	29	47	3	48	11	48	29	25	44	26	31	47	42	9	21	20	31	39	17	32	20	13	33	10	46	10	43	39	11	23	8	31	0	13	26	23	13	47	13	6	48	16	25	27	1	9	21	11	1
39	34	25	27	38	1	44	26	44	15	5	47	5	31	46	17	42	3	39	27	6	22	18	3	49	11	33	48	10	28	37	6	40	28	0	28	1	41	14	37	35	37	26	29	41	48	21	48	49	41
15	37	42	24	46	5	2	7	6	10	8	7	7	21	12	3	21	26	25	30	26	34	19	15	19	25	43	3	13	7	7	43	4	6	25	0	40	41	47	17	32	9	43	33	34	45	1	24	1	17
23	40	4	4	48	11	5	41	34	21	49	37	28	48	42	9	40	15	41	4	17	24	9	45	3	29	48	45	29	32	23	18	27	9	10	48	0	34	6	17	19	25	36	45	43	38	17	44	20	37
20	9	17	26	9	2	16	31	43	28	23	27	6	16	26	1	9	41	1	39	5	47	2	43	47	18	39	29	35	14	29	1	16	24	4	31	12	0	12	45	6	16	27	7	31	48	37	48	11	40
42	38	1	14	30	18	19	5	18	46	6	12	23	30	33	2	15	23	26	32	27	36	28	33	18	37	44	43	3	39	27	23	1	29	47	49	29	18	0	5	5	20	4	43	32	10	14	46	42	7
26	49	26	19	17	31	27	48	21	37	10	41	5	23	45	4	29	1	31	48	31	35	37	18	8	33	19	18	26	4	25	25	47	30	6	44	40	26	22	0	39	26	45	43	40	1	28	16	37	30
21	39	23	11	25	38	32	23	31	23	2	10	21	5	40	14	38	41	45	36	4	37	32	34	21	28	46	36	22	12	33	17	14	10	27	37	16	36	4	25	0	10	30	28	13	20	6	21	38	34
8	48	9	32	38	43	40	33	24	19	19	41	31	22	7	22	33	17	15	28	6	46	2	9	5	22	29	27	24	33	23	22	40	18	38	11	33	10	3	17	28	0	26	8	26	40	32	10	33	12
34	26	12	16	47	7	34	45	19	7	21	22	42	8	46	30	49	34	15	25	43	43	23	17	44	13	19	25	39	22	25	1	9	27	45	28	16	5	10	34	14	44	0	34	35	11	21	42	23	27
26	2	13	25	46	21	47	14	45	19	43	17	30	15	14	1	2	38	3	34	26	22	32	15	39	3	16	47	30	37	26	17	23	6	37	13	10	44	13	32	17	25	18	0	34	5	15	23	11	7
26	39	7	13	27	35	36	41	19	36	9	38	1	49	24	10	39	37	35	46	44	36	9	39	44	45	11	10	26	6	20	28	25	36	10	19	46	18	5	1	27	38	1	41	0	41	14	36	45	46
43	41	30	38	20	12	25	36	40	14	44	42	45	47	26	29	34	45	16	19	40	8	18	25	35	25	19	11	42	26	16	47	31	7	48	10	5	21	39	12	36	6	46	47	36	0	46	35	11	20
35	33	47	42	40	46	16	8	33	41	3	21	3	31	44	22	28	4	9	7	25	45	40	37	49	42	17	26	7	19	24	22	25	18	4	46	11	37	7	7	22	17	1	38	9	30	0	15	31	24
9	2	28	23	11	40	16	3	47	20	21	49	13	49	16	32	28	24	8	34	43	7	2	37	41	31	41	24	25	18	17	35	42	22	2	25	49	38	14	23	15	15	34	36	32	47	21	0	48	35
13	12	39	20	30	33	22	49	11	33	13	5	39	34	28	46	18	43	49	29	13	45	16	35	1	36	10	14	6	2	35	26	40	29	13	22	45	11	18	16	47	27	24	32	47	32	39	25	0	6
1	28	18	45	40	31	38	21	3	49	25	43	17	30	47	41	10	2	5	25	14	12	49	41	39	40	49	35	4	27	44	17	2	1	34	24	2	21	41	7	19	19	5	8	18	40	12	21	35	0
M1
0	14	24	44	39	41	1	33	46	34	22	27	36	26	37	1	8	15	47	37	48	31	3	34	26	20	19	24	4	48	45	46	22	17	37	34	7	39	8	8	29	8	41	26	12	40	46	22	13	33
27	0	31	22	9	14	19	21	34	12	45	16	9	35	5	16	39	3	27	3	38	46	37	28	2	25	13	8	47	31	13	42	26	45	4	31	44	10	18	11	34	49	8	40	46	33	46	46	18	30
11	34	0	17	31	37	38	40	17	48	45	47	11	19	3	23	23	6	7	29	10	29	7	23	27	23	9	11	4	41	24	2	27	28	29	2	14	15	14	35	36	23	40	15	19	6	34	16	32	43
46	3	24	0	43	28	41	13	31	46	24	26	24	41	48	6	23	32	17	36	19	14	30	27	4	4	44	5	5	8	5	46	28	19	48	1	42	2	16	3	5	25	32	41	44	24	27	26	46	11
34	27	39	8	0	6	11	39	39	5	28	11	27	1	39	23	12	2	25	48	10	5	18	40	8	49	5	22	28	16	1	49	47	25	4	7	18	28	33	4	46	36	12	38	28	25	37	45	33	42
21	27	44	6	5	0	18	4	19	33	39	43	4	41	41	49	6	23	42	27	47	17	4	21	3	44	17	27	9	15	17	11	49	1	33	2	48	36	44	17	1	9	48	41	39	13	32	39	41	28
13	22	49	11	22	49	0	41	26	42	25	44	47	14	39	49	15	14	35	48	12	5	45	31	27	15	24	33	29	38	12	45	1	21	1	6	37	23	17	11	21	28	3	33	14	16	35	17	4	7
9	8	4	14	33	18	43	0	22	26	3	4	26	30	27	13	15	13	23	46	47	48	42	5	3	24	37	41	5	35	22	42	44	40	12	14	16	17	41	32	21	17	29	5	21	27	44	22	33	20
40	14	17	18	41	19	12	34	0	27	8	19	43	36	48	45	4	33	16	34	28	5	25	26	43	49	46	47	5	4	27	4	37	37	41	29	41	33	17	16	12	37	43	49	35	25	24	24	33	28
14	19	43	33	21	20	37	16	47	0	38	35	9	12	48	39	23	5	14	30	19	16	44	16	8	29	41	5	4	13	34	17	37	33	2	33	26	31	3	13	37	27	27	10	9	1	30	7	44	8
29	40	20	45	42	37	42	45	43	14	0	34	43	21	4	38	27	40	14	4	30	38	14	33	2	2	40	5	5	3	26	35	27	10	21	31	48	20	2	4	24	9	48	26	36	22	44	42	26	25
45	11	5	9	19	35	43	5	7	41	26	0	10	43	12	20	22	18	20	33	5	14	14	46	44	10	38	46	15	2	48	33	21	32	13	6	14	36	32	21	33	8	13	2	39	10	25	14	10	20
28	19	40	12	6	48	11	21	26	21	21	43	0	37	29	26	23	49	47	16	9	26	7	36	15	12	10	19	33	15	15	45	12	17	38	36	15	23	13	22	23	40	42	49	42	28	21	14	11	33
9	46	8	26	22	19	17	26	14	18	31	2	7	0	32	21	23	39	21	25	19	24	48	28	34	32	5	32	21	39	39	35	46	28	4	40	4	40	38	22	43	19	47	25	43	44	49	20	5	31
37	28	7	19	10	17	4	2	30	2	6	44	34	28	0	47	11	1	42	40	34	8	8	48	16	10	44	34	12	8	27	41	36	42	37	10	33	34	39	46	47	10	45	5	17	11	17	17	24	17
35	26	30	40	23	23	34	47	28	2	19	45	4	37	41	0	15	2	12	5	3	15	6	8	23	18	26	18	10	23	5	48	1	19	14	1	9	34	46	43	47	18	8	1	30	8	19	46	45	3
8	21	46	35	22	6	35	27	13	33	49	13	38	27	13	27	0	13	24	35	29	47	48	34	15	3	15	9	37	36	15	42	49	49	22	7	8	35	7	9	41	44	22	30	46	14	18	34	27	46
26	46	13	2	45	27	28	19	1	6	41	9	23	32	39	3	45	0	24	11	31	10	43	34	33	22	28	31	2	41	11	14	45	34	25	12	30	18	34	23	25	20	26	8	31	9	6	46	41	34
43	42	43	7	31	37	28	44	49	15	46	30	4	19	3	27	7	21	0	6	35	7	20	26	9	4	21	21	27	21	29	1	27	16	22	6	25	6	37	14	30	30	42	12	32	41	4	20	33	29
6	44	9	36	48	9	32	48	12	17	42	2	27	24	18	45	35	45	30	0	44	30	9	40	33	3	36	8	20	11	9	32	37	49	13	36	7	45	49	29	4	3	31	35	38	14	16	48	38	38
41	27	12	18	18	17	3	30	32	30	1	17	42	7	26	8	25	3	43	3	0	7	16	37	12	49	47	39	43	43	13	7	9	17	10	17	10	29	25	9	2	32	36	11	30	3	36	47	4	41
34	12	22	24	32	49	2	28	35	27	1	30	5	16	41	46	8	9	21	18	6	0	4	39	42	25	44	39	32	3	8	29	21	43	20	9	32	44	17	31	47	19	42	6	12	19	35	2	48	40
28	26	44	25	17	12	42	12	12	16	34	41	13	47	20	30	17	28	46	46	47	1	0	11	29	40	8	33	3	38	25	41	17	8	5	3	28	6	29	33	21	41	16	22	34	28	40	43	34	43
2	15	7	25	7	43	13	44	40	1	3	2	16	40	33	21	44	23	33	9	48	39	45	0	26	23	18	16	18	11	42	33	31	8	24	19	16	40	42	28	43	16	30	15	7	46	10	22	34	38
21	33	42	19	8	35	24	6	7	22	5	27	16	44	3	30	43	3	12	37	30	49	44	32	0	46	38	38	12	8	7	2	39	46	1	3	38	8	10	14	14	30	39	12	33	12	20	24	13	28
4	36	27	48	10	17	18	36	22	35	24	45	48	23	5	34	30	12	43	31	46	37	31	43	4	0	17	37	25	4	1	4	20	43	39	34	14	10	1	33	45	16	40	16	27	45	37	1	7	43
24	21	44	39	4	19	9	4	4	19	47	26	30	11	43	19	1	27	16	12	49	20	31	20	1	39	0	8	36	25	48	18	39	21	47	33	44	37	25	2	27	7	29	19	6	2	46	11	5	31
20	15	40	36	4	10	36	15	17	38	46	8	28	9	40	14	47	9	32	31	26	6	13	17	34	28	1	0	44	31	16	48	17	21	45	34	47	40	8	17	39	37	17	39	49	27	7	46	42	39
3	35	42	34	14	3	28	25	9	6	32	43	42	24	26	32	14	46	36	18	11	15	32	13	41	17	6	37	0	23	32	25	34	22	48	47	40	32	35	38	8	45	6	26	16	5	33	4	2	48
41	25	9	18	33	6	24	6	20	22	10	3	47	11	39	44	33	36	18	24	5	49	10	18	21	32	41	5	2	0	23	20	4	47	48	15	34	26	25	19	2	28	37	3	28	21	24	6	21	12
16	25	16	1	16	29	6	15	45	19	29	31	39	23	3	8	12	21	29	1	12	18	19	8	29	29	16	3	22	31	0	24	19	12	47	40	18	48	32	33	33	5	3	1	49	35	43	42	26	32
43	28	11	38	10	45	14	19	13	18	22	38	4	1	6	13	8	44	1	10	4	25	15	36	7	25	10	20	5	42	22	0	48	30	21	15	34	2	16	40	19	31	21	33	35	10	19	33	26	7
32	41	17	49	3	34	13	49	45	42	35	26	47	27	11	14	3	20	30	22	13	20	32	20	47	15	7	28	21	28	25	30	0	19	38	42	45	34	6	44	9	38	2	1	24	21	36	38	7	34
34	12	19	17	22	4	22	5	23	23	33	21	29	48	42	31	37	11	36	36	29	34	18	17	18	13	6	1	7	17	3	31	17	0	19	8	5	6	19	36	35	38	33	44	5	39	4	43	3	33
2	34	25	47	27	17	27	48	1	25	48	12	48	30	23	29	45	26	4	17	6	21	17	19	18	23	32	24	11	13	32	27	46	25	0	10	37	9	5	4	26	17	30	46	35	1	46	47	29	39
29	35	41	34	39	13	47	34	29	35	12	11	14	23	15	34	11	2	16	7	36	13	9	48	13	2	25	8	44	4	31	1	42	22	2	0	14	13	20	32	18	13	19	45	8	40	42	46	4	15
8	38	38	22	9	30	10	11	41	43	20	45	1	45	35	11	31	11	46	18	22	7	36	21	11	31	24	19	16	23	1	28	33	47	16	31	0	29	49	41	6	18	15	6	5	7	36	2	49	30
17	25	40	37	32	32	46	10	36	45	8	31	45	23	14	30	25	38	41	47	4	15	22	4	26	48	10	1	17	14	41	33	10	35	22	19	43	0	29	24	40	44	29	47	34	15	24	3	48	40
49	33	22	4	32	31	46	30	47	30	22	3	38	41	49	15	3	12	6	4	31	33	45	1	43	12	32	34	11	45	36	3	34	48	47	35	21	48	0	15	41	20	16	20	8	46	21	40	46	44
15	21	1	18	1	45	12	28	5	41	7	41	13	39	7	18	33	2	13	41	34	1	37	48	1	5	49	13	25	12	9	19	46	25	45	49	44	29	3	0	34	12	38	36	32	44	1	39	17	42
48	24	28	41	19	8	33	1	44	44	15	13	19	43	27	24	10	28	16	28	11	7	33	4	12	27	1	49	11	22	41	35	37	34	48	19	7	9	38	11	0	21	10	36	19	13	28	11	27	7
15	34	11	26	23	11	30	8	36	18	7	10	16	38	32	3	33	47	10	22	8	47	12	22	16	15	42	44	32	4	38	28	44	3	46	34	14	20	23	34	20	0	11	16	31	21	2	7	14	36
47	3	49	34	8	15	49	30	38	5	11	12	28	48	25	33	44	31	16	3	30	48	10	34	9	43	11	24	13	41	25	37	4	28	44	34	34	14	13	24	3	46	0	7	11	3	7	32	25	17
7	24	29	27	3	12	38	46	28	30	3	46	26	27	2	45	15	32	15	10	32	32	17	6	27	26	12	32	18	18	37	2	11	37	45	13	15	27	41	11	26	17	21	0	17	7	44	23	34	34
15	46	30	29	38	32	48	26	8	36	17	44	38	13	13	24	4	15	5	45	5	1	43	15	48	31	33	36	36	22	10	49	16	14	11	43	23	41	39	41	41	43	45	6	0	34	22	40	23	45
18	39	37	4	29	39	39	49	24	41	24	49	41	40	24	29	13	31	46	35	18	36	43	11	30	2	28	29	10	5	26	7	43	16	16	41	36	49	17	42	28	33	39	13	4	0	22	12	25	6
39	41	38	35	5	19	2	33	7	44	35	47	6	48	5	47	4	38	47	34	25	31	46	12	38	6	42	5	32	11	44	16	48	15	2	19	11	25	43	26	25	44	47	31	21	1	0	30	48	36
43	9	36	25	37	29	31	29	5	39	17	25	17	49	30	37	33	8	44	27	39	16	22	13	27	45	35	9	34	44	28	14	2	27	6	10	10	6	30	21	24	39	38	35	18	27	48	0	4	45
47	37	29	8	44	21	17	46	47	6	3	49	34	29	4	16	9	7	43	42	38	40	18	10	13	41	25	47	37	36	9	35	22	26	45	47	5	12	26	14	3	19	20	38	6	12	39	22	0	25
5	46	48	37	32	17	14	17	28	37	32	11	20	31	15	44	38	11	42	16	22	20	46	48	24	3	38	39	45	19	37	5	14	41	12	12	16	7	46	42	22	41	44	2	39	18	29	36	2	0
M2
0	12	49	49	17	21	22	5	46	23	31	39	15	10	11	37	3	4	32	17	37	17	24	15	25	37	1	38	47	29	8	29	46	39	41	22	1	40	22	30	38	34	43	32	19	45	23	22	37	15
34	0	6	32	17	20	47	15	5	13	19	13	44	9	16	3	38	15	47	15	33	35	15	27	16	46	14	17	22	38	19	37	10	8	28	25	21	15	37	42	48	36	16	15	8	25	49	2	9	31
38	39	0	44	10	37	16	27	5	8	35	7	1	48	20	27	15	35	27	32	46	15	37	8	22	25	46	30	30	41	25	4	25	6	44	12	48	7	32	7	29	7	10	31	38	41	7	8	35	22
38	45	10	0	47	4	45	13	13	16	39	29	15	6	28	48	6	36	14	13	23	32	22	23	27	41	43	10	37	16	49	19	32	48	48	6	38	22	7	49	21	41	28	10	3	27	44	24	44	11
19	19	18	46	0	18	37	9	45	8	7	36	21	2	36	9	33	18	43	24	47	14	16	11	7	8	43	48	22	16	43	25	49	40	43	8	30	21	14	12	48	5	4	49	42	19	25	38	9	23
38	27	12	20	39	0	19	10	5	31	5	27	13	19	47	26	28	17	46	16	33	42	22	42	32	4	47	4	9	45	11	27	26	14	6	23	6	43	4	9	12	6	35	28	7	30	10	49	29	28
22	12	39	4	46	29	0	4	46	12	29	32	25	9	31	28	49	3	14	30	46	44	27	38	35	14	10	23	28	10	18	26	24	6	2	49	27	14	28	49	1	33	41	7	11	15	1	23	32	46
42	31	9	46	3	11	16	0	24	11	43	33	38	19	47	6	7	43	5	32	27	18	17	17	14	18	2	20	10	4	45	6	49	45	28	37	36	33	21	28	10	20	1	34	38	27	12	35	19	23
25	36	12	43	17	30	13	32	0	40	41	21	46	23	20	10	32	17	34	11	32	27	35	24	24	34	39	48	6	27	27	20	2	9	1	15	13	30	6	5	14	49	29	22	25	23	35	13	38	23
43	42	27	5	29	33	15	35	30	0	6	6	45	8	24	16	32	29	7	44	3	40	19	37	12	10	38	21	4	15	25	28	49	6	25	6	45	38	9	31	49	2	43	17	10	7	29	29	4	23
30	23	46	14	48	33	11	28	38	7	0	17	31	1	37	30	7	26	23	7	19	38	15	28	22	43	18	3	12	19	28	6	27	2	45	39	38	45	29	38	49	41	40	5	14	30	30	28	24	35
42	13	13	14	8	23	30	35	24	1	19	0	14	27	4	28	9	22	28	8	21	7	35	10	13	22	49	48	36	47	33	32	14	45	6	40	41	4	42	31	47	41	20	30	17	16	40	11	13	26
22	47	49	44	1	10	16	36	27	27	29	3	0	15	48	46	24	40	8	35	44	47	2	3	11	18	5	18	12	38	4	47	44	49	15	12	26	33	26	12	9	4	2	3	37	23	36	42	34	42
49	22	25	5	37	25	16	44	8	41	5	47	28	0	18	28	5	1	2	32	39	49	11	2	36	28	36	18	35	4	29	45	49	35	35	40	32	4	34	24	41	13	46	11	47	3	5	39	49	25
21	45	27	43	17	16	25	21	45	38	9	2	11	39	0	20	15	22	37	4	35	47	43	40	1	29	26	46	37	9	5	10	44	33	2	10	40	36	41	10	3	29	16	27	26	13	13	26	21	36
12	46	37	31	20	14	8	19	16	33	38	4	15	29	42	0	11	33	3	41	20	6	22	49	23	44	6	18	33	25	7	17	44	12	40	32	47	39	29	30	30	27	24	7	37	22	17	37	38	26
28	18	18	24	36	47	48	45	38	14	43	46	17	49	23	34	0	23	14	8	22	41	17	15	30	13	38	29	44	1	29	10	18	9	11	26	1	17	39	9	13	47	42	35	15	29	48	7	30	30
45	20	30	48	27	7	19	24	22	21	10	21	2	26	43	24	29	0	39	29	19	24	45	18	33	28	25	28	32	23	42	47	7	10	41	13	40	27	27	17	12	41	27	13	39	16	4	41	6	4
2	39	40	9	34	10	26	41	3	48	29	17	37	37	47	9	24	7	0	46	38	32	22	8	27	36	9	30	20	15	1	40	33	1	1	21	6	35	11	35	44	28	2	43	3	8	2	6	13	20
38	41	40	13	7	22	1	8	18	34	41	45	10	17	36	26	20	40	35	0	46	19	48	44	36	27	11	38	29	42	33	14	29	21	36	19	43	21	45	31	24	23	11	40	37	9	30	3	13	42
20	26	46	9	32	46	34	25	36	13	38	12	39	23	47	7	37	20	38	39	0	46	30	42	20	35	9	46	39	28	38	43	4	24	13	4	32	32	46	49	13	40	45	34	14	36	20	19	37	40
41	41	13	22	5	39	19	47	21	37	41	12	22	49	24	7	35	19	14	23	35	0	36	18	9	40	22	4	40	4	35	40	34	42	34	18	49	6	17	42	6	33	35	9	36	49	8	16	13	44
28	7	9	49	18	31	44	31	20	36	22	43	37	33	46	36	35	7	34	30	46	25	0	33	33	23	34	13	38	45	25	31	43	4	37	21	20	41	11	19	34	6	18	5	29	13	21	48	45	45
8	10	18	26	18	21	42	48	12	5	24	36	41	40	46	3	11	21	23	27	22	17	49	0	16	5	16	18	44	48	2	48	2	24	40	5	24	33	25	11	14	36	27	12	2	39	10	23	17	5
1	27	18	48	41	9	49	4	39	38	17	46	11	31	27	36	18	19	32	46	20	26	37	3	0	4	28	9	31	2	49	24	26	26	46	28	35	11	22	13	25	8	36	10	35	19	36	27	49	13
34	13	47	42	2	42	8	9	15	27	21	19	10	36	4	48	40	47	39	10	35	26	27	14	31	0	1	24	14	14	45	45	25	21	5	37	2	36	15	48	21	39	18	47	6	44	1	45	42	12
34	33	40	27	16	20	48	7	16	9	22	19	10	30	35	41	17	33	17	12	2	22	23	32	45	38	0	48	1	1	33	15	10	24	2	21	4	21	14	11	20	28	25	14	17	33	37	49	4	30
13	29	40	8	28	4	48	19	12	24	35	5	26	49	25	21	43	36	9	40	20	2	46	9	45	47	29	0	13	25	5	9	1	20	42	16	1	15	2	11	44	22	49	8	14	7	12	46	4	18
36	13	33	3	26	31	26	33	27	32	32	28	17	5	5	9	29	15	5	34	13	11	27	13	38	38	18	36	0	43	4	24	3	39	22	17	22	43	38	46	36	43	12	10	7	30	32	42	48	27
45	8	35	35	10	21	15	38	4	40	48	15	24	6	33	28	24	21	44	17	2	34	44	34	9	48	46	18	27	0	37	22	39	49	6	21	21	40	25	49	44	35	39	7	27	27	45	12	3	37
35	33	14	25	49	33	23	23	38	9	33	19	34	24	38	48	7	44	28	3	37	23	41	23	8	46	10	28	12	3	0	30	12	8	5	4	32	3	18	28	11	1	31	6	33	2	13	11	47	25
7	16	16	3	33	3	15	25	32	21	37	47	34	43	33	49	24	12	15	49	1	9	34	46	27	47	40	28	11	9	33	0	40	14	47	22	16	13	47	15	5	1	48	9	16	47	40	15	30	10
18	36	46	23	14	15	19	36	46	3	30	4	5	24	38	20	43	30	17	37	32	33	47	18	7	41	5	46	38	4	28	28	0	4	26	43	16	37	28	47	23	20	29	41	39	33	20	17	31	24
18	43	17	9	38	36	23	41	27	23	48	19	30	34	47	6	37	42	45	10	9	46	28	17	23	21	30	48	6	33	4	15	34	0	33	49	18	7	40	33	26	5	5	35	31	6	48	38	15	40
39	19	8	47	15	17	11	32	1	1	18	45	6	44	47	47	19	25	41	19	15	38	14	7	4	1	38	22	31	20	24	25	30	29	0	45	44	38	33	8	47	33	40	29	34	12	12	5	45	33
20	4	14	49	9	35	9	47	3	23	6	3	15	33	3	7	12	32	2	36	43	40	6	47	48	32	4	39	15	24	35	4	46	20	39	0	20	35	3	33	38	12	33	14	43	42	43	49	10	35
14	34	14	43	22	39	40	42	47	13	36	12	46	42	8	8	48	47	34	38	4	45	46	12	32	36	44	26	11	17	29	9	33	10	11	1	0	43	22	34	49	9	5	12	15	20	14	20	45	37
48	39	13	8	6	21	49	1	43	7	39	46	23	47	32	21	6	2	11	25	25	25	11	17	5	34	34	40	15	12	39	24	11	16	29	12	20	0	27	37	35	39	41	6	13	6	2	39	48	5
49	45	16	14	28	32	39	19	31	31	14	31	5	5	42	8	28	33	42	36	8	47	1	9	19	1	27	21	20	5	32	46	47	2	44	45	34	30	0	12	38	42	19	46	17	14	49	14	22	27
48	4	49	26	18	25	21	21	49	13	47	32	41	27	30	27	2	18	26	7	37	34	32	17	12	49	47	6	17	2	40	49	22	30	47	19	49	6	24	0	39	28	44	31	15	48	30	9	5	44
21	3	29	48	22	4	13	22	37	16	42	39	12	9	16	28	35	14	43	6	6	1	26	14	2	38	41	17	30	44	31	3	20	18	11	20	10	38	1	17	0	30	34	35	36	41	30	32	16	10
26	34	13	2	13	42	35	18	5	34	23	7	6	42	28	8	9	31	25	46	4	9	11	49	38	41	19	28	13	39	12	24	7	43	12	41	7	10	21	30	34	0	13	32	31	17	11	46	7	9
43	45	48	48	27	21	23	27	16	32	2	26	15	16	29	22	48	7	35	12	12	49	30	4	43	48	17	13	41	8	19	43	24	32	49	5	6	15	30	25	14	13	0	33	40	20	6	2	32	49
14	12	35	40	2	12	5	40	14	18	31	27	40	25	33	21	43	46	34	4	11	7	23	35	34	35	38	1	34	1	44	18	13	16	21	46	9	25	3	18	8	29	19	0	44	47	34	43	6	6
6	32	41	26	41	31	28	9	10	7	40	29	12	9	49	48	8	41	44	3	23	31	34	1	37	30	6	8	34	36	21	6	8	27	1	32	25	31	39	36	5	39	5	44	0	1	19	11	26	16
2	6	15	13	41	47	48	22	25	7	26	42	14	35	43	3	28	19	48	5	22	14	5	5	40	46	12	11	15	43	17	33	41	15	30	4	7	13	46	3	23	32	33	6	25	0	35	34	4	26
48	47	31	24	41	42	38	17	4	36	15	30	10	4	21	30	14	32	11	19	33	28	40	46	47	34	47	16	34	5	42	44	1	1	7	26	13	13	26	34	48	48	16	43	45	33	0	6	19	6
6	4	39	10	16	37	28	7	12	23	22	16	46	15	38	44	30	41	36	15	21	27	17	39	8	44	28	8	15	29	42	5	37	4	48	40	19	38	7	46	24	14	28	37	14	37	45	0	12	11
46	33	31	7	43	42	18	46	10	1	29	22	2	16	33	12	37	47	21	35	28	29	40	5	33	10	29	22	37	36	43	17	36	15	44	3	21	49	13	22	1	24	12	41	48	37	26	18	0	34
6	45	3	33	46	47	12	21	39	42	4	12	11	40	22	33	48	35	24	42	32	36	22	34	4	33	22	13	37	27	43	30	13	5	45	23	20	9	32	45	33	4	2	25	4	16	4	9	21	0
M3
0	30	30	34	40	38	5	8	41	40	28	3	28	39	27	13	27	37	26	6	16	5	26	7	3	9	23	6	29	39	38	40	37	6	14	17	31	2	8	46	32	7	34	43	3	28	9	23	29	30
47	0	34	8	48	30	31	2	29	38	49	36	44	4	11	25	32	9	46	22	45	42	5	16	25	31	26	38	17	28	8	15	18	48	48	28	38	7	26	31	8	31	19	5	21	27	5	28	33	36
26	33	0	23	46	15	28	13	22	9	42	40	28	16	3	31	8	35	14	8	44	25	35	10	49	42	44	23	39	11	12	25	7	45	43	23	35	39	47	10	21	16	6	43	48	2	30	1	40	18
11	27	7	0	43	3	24	2	14	1	12	19	23	11	24	18	40	40	20	46	20	47	27	10	38	1	31	33	22	4	3	2	13	20	49	34	24	16	12	13	46	48	10	46	38	29	43	5	34	16
23	45	25	46	0	1	29	33	30	18	26	39	49	13	35	30	1	15	42	37	5	6	20	17	45	48	4	7	40	45	43	43	21	27	24	5	8	36	37	24	32	28	21	19	14	4	21	17	20	47
22	35	41	12	22	0	20	32	23	23	34	37	37	45	26	12	11	48	36	37	16	1	49	23	49	13	29	11	44	28	15	1	8	40	47	41	11	32	16	30	34	38	29	33	26	13	31	4	40	12
27	38	41	4	17	5	0	25	47	44	26	3	16	8	23	39	41	33	18	3	28	31	43	46	31	4	8	17	34	49	17	15	31	11	6	38	42	49	10	11	22	41	14	45	30	17	24	23	43	28
27	12	49	11	7	31	38	0	26	16	11	37	12	30	20	3	4	32	6	24	36	1	24	34	1	47	35	4	10	47	24	40	49	18	35	49	13	39	23	43	15	26	6	38	43	29	24	44	48	2
12	22	31	26	38	31	8	21	0	32	10	40	45	41	3	42	37	43	44	15	40	16	34	44	30	2	41	7	6	35	3	17	43	2	23	9	13	42	13	1	47	44	10	9	26	13	27	31	24	28
15	10	42	12	46	44	38	40	39	0	10	9	41	49	10	34	41	24	5	22	30	29	23	9	29	2	3	5	7	34	20	12	4	3	5	9	25	18	46	29	17	12	48	44	20	32	9	41	20	39
25	46	9	30	22	7	39	24	5	5	0	30	24	39	30	7	14	26	36	31	37	37	5	20	29	13	28	32	22	21	29	47	42	41	10	44	17	46	14	27	3	35	4	24	17	1	3	49	20	17
3	12	44	6	30	37	48	33	29	22	20	0	36	5	9	23	41	20	15	42	2	21	40	49	9	39	14	15	43	46	14	3	34	17	14	28	45	46	5	14	31	24	23	1	20	22	11	32	27	15
7	10	46	37	27	19	29	5	12	40	36	25	0	6	8	3	23	39	30	6	11	4	12	20	48	49	12	18	27	31	37	21	15	15	21	43	44	31	2	44	49	14	46	28	43	3	45	14	44	4
41	37	1	17	12	4	44	4	32	5	12	24	16	0	10	23	49	32	7	42	43	24	40	33	1	9	44	5	6	38	25	37	32	6	46	12	23	26	28	9	23	13	34	12	14	9	44	24	26	47
9	48	6	6	48	20	39	29	40	4	37	23	10	39	0	9	14	41	12	45	3	31	48	28	32	39	9	45	23	47	34	23	24	22	4	4	1	37	30	33	36	2	32	45	47	9	22	30	12	37
37	10	28	42	26	26	42	29	28	41	25	3	3	26	19	0	25	14	23	3	20	43	17	34	39	23	47	25	29	36	49	43	1	42	37	29	30	11	10	24	46	38	43	48	14	11	35	38	48	9
45	44	49	45	15	2	47	8	36	31	43	17	33	5	3	3	0	46	18	8	29	6	31	9	5	17	37	48	20	8	41	30	34	3	45	21	28	33	45	47	10	24	7	41	30	6	41	19	12	4
46	27	15	27	45	15	35	49	1	43	26	11	37	9	9	22	14	0	20	41	14	46	37	47	48	2	28	25	5	1	28	36	24	6	32	10	21	23	41	34	2	9	49	7	24	35	27	17	29	47
24	43	36	11	46	34	19	33	27	32	24	30	13	7	18	24	11	11	0	20	46	44	49	7	47	34	19	35	47	33	16	46	30	3	46	12	22	34	27	18	30	27	13	21	29	11	29	47	17	38
23	42	24	8	23	20	15	32	6	42	34	29	30	45	36	17	22	39	38	0	35	29	49	34	32	12	12	46	13	24	17	41	34	9	41	39	46	42	22	22	45	38	5	9	19	6	45	28	17	48
2	44	17	37	41	2	15	7	21	32	13	35	34	38	8	35	4	4	3	38	0	12	43	39	23	41	33	12	7	12	4	47	10	17	1	23	41	43	2	12	5	37	38	10	23	49	40	12	30	5
49	46	36	14	18	49	45	31	23	21	17	10	2	43	47	38	42	26	28	28	15	0	29	46	6	15	7	20	14	18	37	25	2	41	30	9	25	45	25	27	13	40	14	39	48	48	29	12	5	31
29	28	41	37	37	5	33	17	9	26	25	28	20	12	38	15	31	19	15	42	32	17	0	35	3	12	48	38	11	23	9	39	6	14	16	1	29	22	35	37	44	28	12	29	18	35	35	44	32	10
27	24	35	4	48	10	25	37	35	37	38	33	49	3	28	39	11	45	10	38	24	44	5	0	27	18	18	22	49	2	33	33	1	38	18	15	39	37	5	25	22	14	48	25	12	7	37	38	46	26
42	17	6	39	42	1	25	3	34	13	22	20	4	32	22	1	33	36	6	30	1	20	46	14	0	24	49	48	6	22	1	1	21	24	47	11	31	28	39	43	45	15	2	3	10	40	19	17	6	29
18	32	7	36	29	47	38	15	30	27	31	23	6	1	48	1	13	6	34	9	26	8	45	47	38	0	31	45	13	11	11	43	39	39	21	29	13	22	17	7	17	22	22	24	38	19	22	7	4	40
10	13	4	18	49	19	15	12	42	10	25	46	6	45	18	45	33	38	40	17	46	10	27	21	49	33	0	4	34	18	36	36	16	10	13	39	23	1	6	48	45	9	40	18	47	32	38	43	43	4
12	38	36	37	8	37	8	17	13	38	19	24	24	25	43	7	13	4	2	1	11	27	6	46	36	16	4	0	3	43	16	5	27	7	38	3	39	29	37	6	23	26	46	17	1	2	19	36	19	25
45	12	39	12	28	44	13	48	29	36	5	27	9	13	19	12	32	36	9	23	16	22	7	41	20	47	41	45	0	41	23	32	41	23	14	13	5	27	3	5	37	2	40	9	49	17	15	11	47	18
11	7	8	9	6	1	35	33	6	15	23	36	44	46	38	4	19	21	6	43	9	14	22	16	35	10	15	10	22	0	47	19	9	2	45	22	1	41	27	42	46	13	21	2	20	7	30	20	18	40
16	49	49	32	20	25	35	18	35	23	27	8	44	12	26	32	44	22	20	5	1	1	7	16	37	40	32	28	17	28	0	3	39	7	40	11	27	45	28	12	11	40	18	33	11	30	42	49	29	25
36	47	7	28	10	42	37	21	41	37	38	8	33	9	29	3	3	43	38	6	20	32	12	8	38	16	29	1	11	22	19	0	11	10	9	48	5	23	21	26	9	4	19	33	19	37	43	26	20	31
10	47	5	46	15	45	2	17	31	28	19	48	45	27	34	10	28	20	20	3	43	6	15	20	34	20	34	26	27	42	27	38	0	20	25	39	10	19	11	14	32	13	34	14	19	30	33	26	22	27
46	4	16	45	27	33	28	16	20	3	16	39	46	46	7	32	31	47	19	33	32	14	6	15	38	31	18	49	15	25	1	25	44	0	28	39	49	15	35	10	16	18	41	8	19	3	5	40	3	12
10	41	35	13	2	4	14	44	32	23	34	3	22	20	38	18	5	5	12	21	24	41	10	12	32	31	16	30	34	9	34	4	47	49	0	37	28	7	37	11	18	44	45	28	25	12	25	33	10	37
3	23	23	29	43	45	12	24	1	40	46	17	6	28	29	21	25	35	32	35	14	25	39	15	24	33	16	43	30	21	48	23	29	11	24	0	11	32	46	42	32	10	12	20	43	40	32	49	36	5
12	2	24	31	5	4	2	35	12	5	20	17	12	4	48	38	37	3	7	16	4	42	38	37	12	21	5	44	44	18	36	34	33	42	38	35	0	15	16	34	33	37	24	48	39	13	33	41	40	49
14	33	2	35	11	41	42	28	20	48	18	7	21	10	15	2	33	22	16	47	46	6	7	41	9	39	20	30	30	22	3	30	38	37	37	30	14	0	4	15	14	37	23	29	13	35	33	5	6	31
48	6	15	29	26	25	19	42	7	49	17	30	2	1	45	31	44	16	49	27	9	30	28	46	34	19	49	26	26	20	17	18	19	34	3	10	22	40	0	22	10	20	39	22	3	32	16	49	26	7
26	27	42	3	43	42	20	38	44	6	48	1	34	44	49	15	24	19	49	37	36	13	46	2	22	45	11	8	37	30	30	9	1	22	14	48	40	38	31	0	48	35	16	42	8	26	29	10	46	42
44	20	30	29	18	39	27	46	32	49	15	10	10	26	12	17	13	7	28	42	6	4	30	37	12	38	41	32	49	9	1	1	33	9	27	17	18	25	27	32	0	27	9	29	38	45	25	6	46	2
5	36	1	45	14	3	19	23	5	36	48	20	30	47	6	11	15	21	29	10	42	36	21	20	11	19	31	32	11	11	5	13	49	37	47	21	37	40	18	27	47	0	19	24	38	34	31	10	26	2
20	29	44	30	42	20	49	20	45	6	48	44	25	4	45	48	10	49	3	2	20	38	49	12	8	17	38	8	27	7	2	45	48	9	38	28	36	8	4	37	8	35	0	7	13	25	47	20	23	1
4	22	32	23	8	14	31	12	42	37	13	41	37	31	35	48	46	15	26	16	33	16	3	48	2	6	28	19	37	28	6	20	40	22	10	36	20	40	27	32	23	40	38	0	6	36	30	24	28	49
8	16	29	13	18	44	3	42	30	30	40	17	36	43	48	21	4	11	46	41	45	8	10	37	36	46	33	32	39	28	11	8	14	39	30	35	39	28	45	4	49	31	4	25	0	33	47	29	38	29
18	48	6	47	23	28	22	49	27	14	49	21	27	38	43	36	38	28	7	8	10	42	36	16	21	2	44	28	41	26	20	22	10	39	17	9	8	14	19	38	44	18	6	10	13	0	18	11	39	8
32	3	47	31	2	49	21	17	7	5	7	11	14	22	14	19	19	48	40	37	31	29	47	42	43	15	12	42	22	46	1	41	9	20	31	23	24	10	38	9	19	28	24	7	39	35	0	47	28	42
43	1	23	38	10	8	35	20	32	9	34	40	19	3	34	27	23	28	6	49	40	27	15	18	30	10	41	11	31	26	18	20	14	47	18	35	25	32	16	3	11	4	21	31	28	43	32	0	11	46
8	36	11	22	33	27	13	23	14	43	8	13	12	24	13	43	34	11	12	46	22	4	27	47	20	49	15	6	26	32	37	45	35	12	30	41	35	15	41	14	13	1	22	17	29	31	37	31	0	12
28	49	1	12	41	9	31	8	27	32	18	18	31	36	42	22	15	25	41	1	22	19	3	2	18	14	12	10	24	15	1	31	37	22	25	22	49	39	49	36	26	37	10	45	28	43	33	30	20	0
M4
0	1	26	27	20	42	34	2	11	10	46	49	38	19	42	39	41	44	11	8	25	42	31	49	34	4	10	42	21	47	29	18	36	5	2	3	4	33	48	4	10	2	4	49	12	29	15	29	34	23
7	0	10	37	19	2	14	48	19	28	7	11	41	12	41	13	26	35	45	46	47	30	22	8	48	46	25	32	26	48	44	44	5	21	4	35	48	28	18	32	38	9	44	47	22	35	5	38	47	47
13	44	0	15	8	46	10	27	22	49	37	47	43	26	43	28	16	49	41	40	25	22	11	32	25	22	33	38	20	9	38	39	19	45	21	47	4	35	37	28	8	7	17	32	17	10	36	25	12	44
4	31	2	0	12	22	38	34	17	18	47	7	2	26	16	35	19	27	35	36	22	22	11	14	42	11	24	9	32	20	15	36	20	47	40	8	42	18	11	25	14	7	6	7	32	4	31	40	44	36
46	18	12	11	0	48	33	9	9	22	26	26	29	13	24	41	24	11	43	43	16	19	17	12	3	26	1	43	13	33	35	20	49	29	7	33	13	33	38	22	5	26	46	22	34	23	17	11	8	19
48	18	42	2	14	0	17	10	24	36	27	30	8	27	25	43	9	2	37	1	22	36	7	39	43	17	49	45	41	13	14	2	18	10	40	39	12	49	47	34	21	34	23	25	36	30	27	21	42	1
46	11	39	16	47	7	0	33	4	32	14	5	18	23	33	39	9	7	14	17	41	29	31	39	32	19	2	37	17	28	10	13	43	8	42	25	46	39	49	9	42	45	24	41	44	46	7	45	19	37
32	5	38	2	9	9	40	0	1	5	24	15	16	13	34	16	39	7	36	31	36	14	37	39	11	3	23	12	24	49	25	11	25	27	28	21	12	23	10	34	48	15	48	11	12	12	48	45	33	32
45	4	6	44	40	19	45	13	0	11	47	34	19	49	48	36	43	4	2	17	32	29	12	45	2	8	46	23	11	26	8	3	7	43	30	22	37	43	26	18	7	8	35	39	44	15	42	7	39	19
25	36	47	5	41	17	26	35	22	0	42	40	19	22	35	32	34	10	22	40	24	25	41	25	7	15	37	32	48	43	48	37	24	19	47	27	32	8	40	33	11	44	46	10	4	49	40	24	41	22
49	1	17	49	28	44	45	35	11	16	0	7	2	44	21	38	42	39	32	7	17	38	9	3	28	1	49	38	49	49	13	3	30	12	17	8	2	37	32	1	1	27	4	24	8	1	39	44	35	9
24	32	44	32	25	21	42	1	20	12	23	0	17	40	25	28	25	39	38	5	27	44	41	23	39	29	14	49	45	4	45	22	17	16	12	35	39	44	18	16	30	4	37	18	22	11	28	43	15	18
2	2	2	23	26	21	35	2	19	9	30	37	0	7	7	31	20	6	5	27	17	37	34	7	13	10	24	12	44	2	33	19	4	48	4	14	1	8	21	40	8	11	11	28	30	13	26	31	1	26
36	9	30	12	38	36	32	4	28	12	24	48	38	0	32	46	30	42	14	45	28	6	11	8	39	26	36	33	13	49	5	22	40	33	46	12	20	27	5	24	20	11	16	42	39	32	12	2	4	18
49	18	22	15	41	38	34	21	23	10	25	29	4	1	0	20	19	49	25	27	8	37	25	41	46	42	11	13	19	26	21	29	1	17	13	16	45	11	14	5	4	31	38	31	46	35	1	39	36	24
24	43	42	42	48	27	4	31	49	22	35	1	9	20	31	0	8	15	25	3	32	23	35	29	25	11	30	17	20	40	27	46	25	49	19	1	14	34	16	48	47	45	36	49	24	19	44	18	14	47
10	46	7	29	44	45	42	30	38	39	37	38	16	32	4	31	0	44	11	31	46	26	36	25	45	41	14	41	10	26	41	24	22	18	44	16	22	26	45	41	16	38	41	28	12	41	43	12	37	5
6	9	27	5	23	24	12	42	9	13	35	39	48	23	37	42	24	0	31	19	4	19	5	46	27	35	41	30	45	3	44	23	22	27	45	40	27	5	24	20	7	1	5	4	15	9	46	31	16	15
8	12	30	46	39	18	21	14	38	14	21	48	48	34	14	24	28	30	0	48	24	31	9	20	35	44	22	36	8	25	31	12	7	33	17	37	5	21	37	49	2	39	34	17	42	17	2	37	1	24
14	2	16	21	28	35	42	21	1	40	5	38	49	45	47	33	29	35	16	0	1	26	13	8	24	13	35	13	38	48	41	19	39	35	49	14	42	44	20	33	32	48	20	24	12	40	24	38	19	16
14	45	2	17	24	20	34	21	32	8	3	32	15	49	14	14	34	41	17	36	0	10	49	36	25	20	14	21	43	45	40	35	24	41	4	19	8	13	11	20	33	18	47	44	2	40	17	24	44	24
20	40	44	5	17	2	42	39	39	37	39	1	21	12	23	15	45	23	10	27	33	0	42	23	6	18	48	41	40	7	28	49	20	14	29	23	24	42	7	12	32	34	31	44	20	6	14	9	11	20
3	46	30	22	23	15	13	28	44	27	29	7	24	24	49	33	23	40	1	15	41	47	0	6	5	19	15	26	24	43	5	33	22	22	6	1	46	43	35	13	5	12	20	14	16	41	42	20	30	35
29	35	5	4	11	20	25	18	44	32	15	35	9	18	40	18	36	36	5	44	10	29	43	0	27	21	39	39	46	3	17	4	1	33	45	16	3	17	41	38	38	15	44	24	11	44	26	7	49	4
48	29	29	16	42	12	14	19	45	37	39	28	5	46	26	10	13	33	8	31	37	9	41	48	0	10	4	26	12	49	49	47	34	17	33	8	31	35	43	43	41	12	28	8	19	28	45	43	31	38
24	48	19	32	18	35	4	15	14	23	35	11	40	18	18	37	12	4	34	45	45	36	5	10	38	0	23	2	9	34	6	30	38	36	14	47	2	20	26	26	41	21	28	17	7	46	36	10	20	43
47	6	14	41	9	11	2	49	40	28	48	37	38	7	44	4	5	33	26	35	17	4	9	48	2	32	0	18	29	3	25	44	37	32	25	36	25	25	3	43	2	3	24	28	27	39	20	7	37	30
44	41	6	8	8	30	26	41	36	2	43	38	44	5	36	11	23	12	12	48	11	28	41	36	43	7	18	0	30	45	38	32	10	1	34	42	48	1	10	43	29	6	43	40	40	12	13	12	45	31
42	33	38	4	44	23	3	16	23	21	5	20	23	18	25	22	48	26	35	34	40	43	33	46	8	14	25	33	0	44	22	9	33	34	42	4	39	21	7	1	45	43	39	29	44	8	2	16	28	30
6	12	45	12	28	4	36	40	4	32	29	43	5	34	13	1	12	47	11	26	9	12	13	14	23	42	34	9	25	0	31	40	29	3	20	13	49	7	29	33	14	43	25	32	22	27	14	3	4	34
24	3	22	7	3	23	10	15	8	15	5	13	34	30	48	5	48	49	25	44	32	18	29	12	40	40	6	44	3	38	0	13	20	33	37	12	30	27	10	36	4	8	29	43	19	44	22	48	20	34
11	46	16	20	47	18	31	35	13	37	38	12	6	1	49	25	24	38	19	23	30	23	22	49	29	39	31	42	38	39	29	0	12	37	19	47	36	6	40	19	40	22	26	26	17	41	43	25	43	12
37	19	12	18	35	47	14	33	23	20	20	4	36	27	15	9	34	29	9	2	34	38	10	5	48	5	1	32	21	15	33	36	0	35	32	4	32	11	2	3	22	40	35	28	44	11	32	22	43	28
4	1	19	17	44	19	11	46	5	7	17	18	9	34	23	2	19	40	8	20	49	41	38	4	12	29	34	35	32	11	49	27	22	0	10	20	36	39	18	4	28	37	39	33	23	17	37	34	44	46
1	7	12	3	26	40	43	15	43	2	38	31	7	20	47	41	20	39	16	17	27	10	20	48	14	23	26	17	27	23	16	39	48	15	0	14	17	29	48	6	41	3	24	49	8	32	38	1	28	1
40	11	19	42	17	12	13	3	24	25	6	39	28	9	27	33	44	31	42	42	45	1	22	49	29	6	5	9	26	36	4	5	11	5	30	0	28	29	13	38	40	29	19	4	5	28	6	48	37	34
49	22	31	29	9	18	36	46	45	37	4	43	46	46	21	14	9	28	25	13	47	17	24	30	11	45	4	38	32	48	30	48	33	46	34	9	0	24	22	25	6	13	42	33	37	15	42	25	38	15
37	45	47	5	19	6	19	10	39	12	15	6	29	17	27	24	47	14	10	9	12	37	37	4	21	11	44	16	36	24	1	42	26	24	25	43	49	0	2	40	26	11	7	48	34	49	36	35	45	4
2	17	40	43	6	23	19	47	47	40	17	27	15	41	39	8	18	2	36	44	37	37	25	6	8	22	17	26	12	15	46	37	5	31	12	8	24	44	0	15	16	2	36	24	22	25	28	35	38	8
46	23	22	46	7	27	39	37	5	44	32	6	32	9	17	2	17	36	26	44	35	48	37	31	33	37	36	20	2	35	20	45	42	11	33	26	42	4	46	0	13	4	48	47	11	31	38	3	44	48
38	3	30	30	34	45	38	22	46	39	1	31	26	49	7	34	22	11	31	42	34	31	48	15	5	10	8	29	25	1	7	18	13	23	5	12	37	40	26	29	0	35	11	1	12	21	18	40	33	44
18	28	4	47	18	9	24	26	13	11	23	34	11	36	27	19	5	49	17	28	43	43	21	25	35	40	12	13	10	16	9	35	1	41	25	30	49	4	2	21	9	0	22	30	12	30	3	43	32	48
11	30	32	46	38	2	31	5	27	28	26	6	28	49	17	39	8	5	20	40	41	9	35	5	26	49	30	47	46	46	47	35	40	40	26	9	5	13	10	20	48	32	0	10	29	42	2	25	43	24
43	11	21	29	46	10	17	42	2	44	47	35	28	22	31	2	34	44	10	34	36	9	36	32	20	45	1	46	29	18	5	45	40	47	43	19	1	26	17	28	33	36	8	0	4	46	32	29	20	49
21	49	19	41	17	17	38	16	40	32	3	8	14	48	40	48	32	31	14	46	4	35	24	19	16	3	14	20	19	10	29	26	47	45	44	34	14	33	14	18	34	33	45	24	0	2	32	33	19	18
23	13	49	9	8	7	9	23	49	48	32	41	32	23	5	16	38	47	11	22	13	38	2	42	6	30	32	34	43	12	5	15	31	11	11	44	28	36	25	26	11	12	29	24	38	0	7	26	26	33
11	6	5	38	29	17	12	46	37	47	34	3	23	10	34	35	5	21	8	47	10	21	24	42	33	21	8	3	43	30	29	10	14	40	16	4	38	39	16	47	18	46	36	13	25	38	0	42	35	34
9	36	22	8	23	43	47	12	28	49	31	9	11	30	14	37	25	2	6	1	21	9	44	47	23	44	9	33	46	9	48	39	42	9	17	48	31	38	22	24	39	24	13	38	11	39	12	0	6	10
49	1	40	41	22	19	22	32	28	7	27	39	9	17	10	25	47	5	33	26	43	5	13	3	21	17	25	25	19	40	42	30	39	2	12	2	18	45	14	41	24	7	42	23	19	45	27	3	0	13
13	48	11	23	31	49	30	48	46	27	46	38	4	20	12	39	28	10	31	36	44	13	33	33	38	28	8	22	14	26	7	9	27	17	15	18	32	23	48	28	35	7	21	17	28	7	19	12	6	0
M5
0	9	37	46	29	35	3	25	16	42	48	4	20	37	6	29	41	46	44	1	30	49	47	49	1	41	45	30	8	19	3	11	20	23	48	46	10	20	8	36	32	2	8	3	28	36	11	12	4	28
29	0	20	44	15	27	19	39	16	18	9	7	21	3	29	10	1	23	12	38	27	19	16	15	36	43	13	27	2	16	33	23	41	27	5	39	29	6	10	33	27	34	33	9	24	48	4	24	22	42
1	14	0	38	23	33	24	33	17	32	22	5	8	13	11	47	22	13	20	23	12	9	43	30	43	42	17	40	7	12	18	8	15	46	28	12	17	24	48	41	39	11	38	17	10	11	39	44	20	32
40	3	36	0	22	16	41	46	26	4	24	32	21	2	9	25	13	18	25	13	36	14	19	23	6	20	8	33	30	35	17	8	27	46	44	36	22	26	36	41	29	11	32	17	42	46	14	32	42	15
28	35	39	23	0	36	32	25	33	41	28	12	35	31	44	42	30	49	29	44	32	3	31	1	2	16	44	26	26	46	22	7	45	47	22	17	14	21	29	32	11	33	32	42	30	42	16	1	27	39
48	46	27	36	16	0	42	7	27	33	17	25	16	5	7	30	27	24	18	6	13	29	43	7	44	22	46	20	38	35	6	17	9	38	46	30	44	49	12	26	12	42	47	32	15	20	20	33	37	6
10	48	11	48	30	44	0	34	12	42	9	43	37	38	25	27	9	33	48	43	34	18	31	16	17	44	45	23	28	7	15	20	46	25	27	25	2	17	16	10	7	39	11	15	37	9	21	35	30	9
18	10	25	26	12	33	42	0	24	18	3	19	3	30	39	35	12	6	25	7	33	34	25	45	36	46	48	24	5	19	45	39	45	7	32	25	4	26	6	42	44	12	5	7	24	26	32	28	38	31
40	31	11	29	33	10	26	41	0	23	12	45	26	44	34	27	16	8	42	22	5	19	26	7	44	13	31	17	46	9	41	34	34	11	43	35	4	32	16	42	31	3	42	28	46	39	26	8	28	43
32	9	44	11	45	2	41	46	10	0	3	30	2	7	49	24	36	14	49	28	21	21	8	7	37	31	27	27	14	40	7	9	8	2	43	15	16	36	13	34	11	33	36	8	15	19	48	46	27	11
45	43	44	19	39	17	11	20	48	10	0	20	16	9	4	27	9	9	3	14	26	12	13	44	19	48	7	28	35	13	24	5	7	23	8	45	42	43	15	43	27	24	32	35	5	17	43	40	13	43
15	35	28	17	22	23	11	49	48	40	25	0	40	16	49	23	33	2	14	13	20	14	40	47	18	24	8	20	49	37	45	23	38	29	7	45	33	18	6	27	29	49	25	24	44	11	1	31	32	23
38	39	9	34	41	48	21	12	11	40	41	28	0	2	48	40	40	2	19	10	8	39	14	6	19	27	29	7	31	11	5	30	41	5	19	40	1	23	27	4	16	38	9	42	41	26	3	46	15	42
28	35	11	4	41	26	12	16	2	23	29	40	19	0	41	44	46	38	39	47	43	5	15	49	7	29	22	34	48	46	12	37	49	40	42	1	14	7	18	29	33	14	7	40	10	47	32	39	43	21
19	15	1	27	32	24	8	20	14	45	7	42	42	12	0	40	11	4	9	20	30	34	13	40	4	38	33	3	16	26	3	26	30	34	49	24	17	13	42	2	12	17	46	1	5	1	15	29	34	31
23	10	12	10	3	26	22	14	8	8	1	47	32	20	15	0	34	7	30	22	44	2	26	49	1	40	38	45	1	38	28	42	32	40	3	25	7	32	48	33	45	43	28	29	26	42	48	16	6	48
20	19	39	45	36	40	45	11	40	32	11	46	49	7	3	12	0	6	19	19	27	38	13	13	5	26	29	45	21	35	10	29	42	29	6	42	12	15	8	4	27	34	29	6	22	1	35	30	48	10
19	15	12	2	2	10	38	22	29	42	20	47	11	26	14	29	8	0	27	32	14	33	39	36	12	4	11	17	36	25	45	15	41	26	44	1	14	4	1	21	49	9	8	17	3	25	10	45	28	28
42	33	10	17	36	21	21	23	7	4	11	13	19	36	12	18	37	7	0	25	35	11	13	1	48	38	6	17	43	34	27	16	44	22	34	1	19	42	44	22	6	28	23	25	21	13	41	19	47	1
35	8	27	37	6	28	30	31	47	1	45	43	6	20	8	23	4	7	14	0	24	1	35	20	14	36	27	12	30	20	43	41	20	35	7	23	39	22	43	34	40	28	16	2	26	34	3	48	34	48
23	38	12	19	41	36	6	24	14	35	18	16	4	7	10	3	39	28	45	20	0	20	43	22	1	18	17	11	24	11	21	23	25	16	44	5	7	30	24	1	36	29	31	12	31	2	21	17	27	47
15	48	35	41	41	37	34	14	38	16	42	27	6	35	31	24	45	17	6	2	5	0	48	42	14	25	39	23	23	41	12	41	41	14	10	38	49	13	2	24	6	48	4	15	19	9	46	12	9	19
29	40	18	2	3	32	9	33	21	9	42	49	46	24	9	24	6	31	48	42	31	30	0	44	19	27	22	38	12	10	5	6	6	38	15	48	36	22	14	49	8	16	11	18	2	4	49	7	4	28
48	1	15	1	33	28	10	28	3	24	24	8	42	21	11	10	17	24	33	18	15	21	41	0	28	10	40	32	41	32	17	26	38	6	31	19	35	33	4	20	44	4	48	27	3	2	34	49	22	17
37	17	7	34	6	14	1	40	38	1	49	37	41	29	11	49	23	39	16	2	13	36	2	27	0	20	32	35	5	47	5	23	16	38	12	8	38	33	43	18	48	26	40	44	19	8	11	37	12	19
16	26	27	48	32	19	34	31	24	25	18	37	18	24	46	39	43	44	14	31	36	7	34	2	13	0	23	30	15	34	28	5	25	37	4	19	48	22	5	39	12	13	20	1	49	47	7	25	11	40
44	17	25	37	35	6	48	4	11	14	34	27	8	21	4	42	41	6	49	7	11	19	25	35	47	11	0	6	14	14	49	36	28	39	25	37	30	12	27	35	25	13	13	9	27	18	37	30	22	35
34	36	26	29	4	18	4	14	45	48	1	10	48	6	36	15	31	39	35	38	22	15	15	11	10	7	38	0	15	12	38	18	34	24	40	9	43	30	27	8	4	2	44	5	23	35	22	43	9	2
48	13	7	19	27	37	17	35	17	27	25	34	24	21	42	11	41	21	30	44	20	11	32	16	30	36	48	2	0	47	30	16	21	30	12	48	3	46	32	23	12	1	21	38	28	40	25	18	2	16
17	6	48	1	2	41	23	17	19	46	24	5	26	32	42	49	17	41	18	32	14	48	8	44	15	11	45	4	23	0	21	23	39	39	27	2	10	47	4	1	39	39	45	11	26	14	9	39	16	3
49	15	28	23	42	36	5	14	18	25	39	9	17	21	34	19	44	20	20	39	19	21	3	47	39	2	4	24	1	6	0	39	33	32	49	14	27	33	5	12	36	47	34	31	28	27	11	21	26	48
26	42	43	18	3	36	8	39	18	41	41	17	4	26	9	36	36	5	19	26	15	18	16	8	23	25	28	23	26	16	18	0	22	1	22	4	9	5	42	45	23	14	2	48	19	15	29	18	5	46
1	16	7	13	49	48	20	23	27	3	32	22	36	41	38	31	38	38	28	35	44	1	32	24	7	30	25	41	2	39	18	10	0	35	14	39	39	4	42	24	1	3	2	35	23	44	29	13	11	6
42	44	43	39	27	27	19	41	22	5	4	43	39	49	9	31	30	19	30	2	20	25	1	28	22	18	22	1	6	1	42	25	35	0	1	25	46	41	35	45	49	10	33	43	49	20	15	38	42	13
17	15	37	17	45	3	38	14	19	31	14	29	2	34	33	14	22	21	9	23	47	38	33	31	37	20	17	27	19	46	9	32	33	18	0	25	33	23	16	31	26	30	34	40	2	5	49	48	1	12
13	40	15	25	10	7	23	1	13	36	38	11	40	8	36	49	9	6	29	13	33	12	9	49	32	33	9	39	14	28	41	2	32	29	24	0	41	7	43	24	8	23	48	24	27	33	48	47	24	1
38	32	36	30	47	15	26	46	44	27	29	4	13	12	3	1	36	19	39	7	29	24	1	17	40	41	1	44	28	15	44	2	9	30	31	13	0	15	44	15	20	22	19	36	8	28	9	5	36	42
34	26	20	7	13	22	35	49	36	2	3	28	13	27	14	23	25	1	19	49	3	25	11	15	39	17	18	36	9	26	2	5	14	28	39	31	30	0	20	33	7	42	43	42	14	41	19	35	11	32
15	21	49	42	19	1	15	26	17	36	33	12	15	3	1	20	35	37	17	19	45	40	43	31	31	5	37	27	44	7	23	30	12	20	22	17	12	38	0	16	9	24	19	49	45	47	42	30	22	6
22	38	20	5	4	37	15	11	38	34	23	6	16	35	11	44	1	34	33	23	43	6	6	17	31	4	11	29	16	19	9	12	31	31	29	8	38	16	40	0	18	48	28	5	37	41	44	29	31	31
14	46	29	6	24	21	18	44	46	37	44	14	12	29	46	33	39	37	18	30	3	45	34	48	24	28	47	9	20	5	9	9	47	14	6	31	4	48	37	37	0	15	28	7	21	27	44	14	33	19
41	2	36	17	5	28	8	16	20	29	39	6	18	30	15	34	42	35	49	28	21	28	46	31	13	8	17	7	31	38	14	35	36	31	30	29	33	11	3	30	37	0	1	46	16	15	14	13	31	40
4	7	28	8	37	13	4	46	19	26	15	28	10	41	13	17	32	7	7	31	37	18	28	10	10	38	39	3	44	46	7	18	1	21	31	17	48	38	23	12	40	17	0	38	39	33	15	38	33	31
31	12	40	49	43	10	45	33	20	35	5	24	43	39	35	19	27	13	45	41	27	19	14	1	2	36	29	31	14	8	30	14	35	8	38	34	27	6	25	27	37	38	4	0	21	13	17	2	8	32
45	30	33	45	3	37	7	39	41	26	43	3	26	8	16	24	5	40	20	23	34	8	26	34	4	48	19	44	37	29	16	12	3	42	36	13	23	39	47	31	7	24	24	23	0	10	16	28	19	8
5	23	45	49	27	44	47	10	2	20	13	11	31	1	10	49	44	2	7	13	6	36	25	11	27	44	4	35	3	45	13	24	21	6	11	38	43	23	8	8	36	39	22	6	19	0	21	41	6	35
22	14	39	45	19	11	5	5	42	3	39	22	17	17	5	23	18	45	25	42	35	41	22	41	13	10	1	8	38	40	32	5	32	25	8	44	18	25	9	39	23	10	18	23	43	14	0	1	31	3
33	18	34	30	20	48	18	39	44	35	12	22	11	42	28	8	38	7	15	36	47	20	25	8	48	28	10	33	3	10	1	45	14	10	7	38	8	7	30	36	27	9	46	40	25	44	21	0	18	12
8	44	6	4	6	22	32	23	37	35	45	5	27	31	20	34	31	23	16	14	38	7	35	41	30	27	21	26	45	36	20	7	22	45	35	12	8	3	1	20	22	4	45	9	46	5	44	47	0	44
21	2	42	8	37	36	3	20	23	40	26	1	14	15	43	43	8	14	38	37	49	33	8	19	19	1	26	9	46	28	17	1	16	12	43	3	28	5	7	8	49	31	7	12	35	43	49	49	46	0
M6
0	11	38	31	14	16	38	27	38	32	34	2	16	19	8	31	47	39	9	32	45	23	34	32	26	31	19	28	17	40	10	6	2	21	18	49	7	3	43	3	17	18	33	11	13	10	47	9	31	10
27	0	28	21	39	46	45	23	29	34	47	16	28	14	12	40	22	22	21	3	11	37	13	13	36	38	22	26	32	18	35	11	25	30	47	48	19	36	7	9	21	42	15	26	24	11	3	4	18	44
2	40	0	27	18	37	33	21	40	15	30	11	7	2	2	17	45	16	35	43	29	36	5	5	3	24	30	35	6	46	10	41	21	17	21	4	14	13	37	11	43	20	41	11	12	33	48	46	42	35
4	10	32	0	15	33	31	44	15	49	10	11	1	3	7	33	17	11	9	36	37	34	46	26	13	11	40	36	39	20	3	39	28	35	32	35	33	17	8	18	24	43	37	45	3	3	4	6	22	36
27	27	20	35	0	24	34	19	30	45	39	15	11	3	44	40	29	41	10	42	27	43	40	39	9	2	35	30	5	3	10	28	40	10	12	29	2	41	32	10	27	19	39	42	42	45	15	40	46	35
9	4	40	3	1	0	43	32	23	15	42	29	4	10	3	27	25	47	42	44	5	7	5	21	38	10	34	11	7	48	19	9	25	17	37	29	3	5	17	37	18	24	36	23	34	14	34	15	6	23
1	26	18	12	22	18	0	29	32	43	37	41	39	40	6	42	4	26	21	16	31	39	37	40	10	40	9	2	28	36	34	4	10	1	11	44	22	27	10	4	46	6	22	33	27	40	36	33	18	10
41	17	25	37	31	39	26	0	23	36	41	48	44	31	34	10	3	12	48	31	31	30	18	46	41	37	45	43	28	16	9	40	42	17	36	4	33	10	1	36	33	28	19	19	15	13	33	10	25	45
48	3	45	49	19	35	6	32	0	19	17	34	19	49	35	33	27	7	3	1	48	7	8	9	35	27	27	29	1	47	25	48	27	18	18	28	26	43	22	42	34	26	19	15	38	49	48	6	48	15
25	8	15	28	16	20	33	39	5	0	40	28	44	7	11	24	33	31	34	9	22	23	26	42	15	16	46	26	22	8	42	13	3	48	22	12	28	43	24	23	7	27	25	43	7	34	14	2	26	14
17	31	26	13	19	35	14	21	28	49	0	44	22	34	48	15	15	8	30	10	29	13	33	10	16	30	9	33	22	17	30	29	8	29	18	18	22	18	15	31	37	32	38	11	33	35	37	2	39	27
3	19	21	13	16	9	37	27	47	38	15	0	38	27	32	22	18	31	49	37	5	9	4	17	4	37	33	16	7	12	15	5	41	45	43	23	36	49	40	49	11	47	5	40	10	13	27	39	29	21
18	4	46	23	44	4	11	3	38	25	22	4	0	11	13	7	17	11	43	29	40	23	9	46	10	30	7	22	8	10	9	8	25	10	23	45	36	49	36	42	4	21	48	13	45	1	37	29	13	41
3	26	18	2	14	23	47	29	7	25	33	31	1	0	45	22	3	4	39	6	41	1	14	24	39	7	25	24	49	19	12	16	45	24	43	38	2	9	4	38	32	13	29	11	44	3	31	25	15	13
49	12	22	24	8	11	22	2	9	22	26	20	5	47	0	27	39	33	33	27	30	22	24	38	31	5	14	9	24	1	39	9	21	36	13	21	28	34	23	12	17	30	25	2	21	7	18	29	38	33
12	12	11	34	8	9	48	34	17	36	43	41	6	35	10	0	40	41	1	32	23	34	17	18	11	21	4	22	13	26	37	16	18	7	16	29	22	8	26	35	8	42	40	9	32	4	39	16	40	6
46	47	29	31	15	4	35	47	12	44	18	8	29	25	44	27	0	30	7	35	4	35	41	26	17	43	36	6	2	6	32	49	42	29	30	28	13	46	4	46	40	10	25	12	38	21	25	7	9	24
10	2	38	48	2	3	16	17	13	38	7	10	11	16	11	42	31	0	18	43	21	29	49	40	36	26	34	31	25	35	32	12	46	47	17	21	47	31	7	16	39	45	6	14	20	9	23	47	14	47
21	47	13	26	9	37	33	24	22	37	40	27	34	24	25	27	2	21	0	27	28	22	45	42	10	29	6	46	41	40	15	46	17	31	16	15	19	47	20	46	17	9	46	10	32	13	8	15	47	48
23	48	21	38	31	12	1	31	4	38	30	22	1	24	26	16	1	34	17	0	2	31	26	24	26	37	18	39	2	1	3	4	25	22	41	23	10	4	35	33	29	18	39	6	5	18	8	3	14	19
44	10	14	12	25	30	4	25	39	42	18	17	1	34	18	29	1	26	47	42	0	7	42	39	45	31	3	15	7	38	22	36	48	37	19	40	6	2	44	19	16	40	45	19	45	4	23	38	19	37
8	25	28	23	31	25	23	39	14	11	32	38	1	20	33	20	1	46	5	16	41	0	47	1	30	6	41	5	31	46	20	27	29	24	23	42	36	24	46	25	31	40	37	35	4	2	22	29	16	39
6	6	35	17	11	13	8	39	12	33	36	29	19	5	21	16	35	17	49	14	14	15	0	13	40	24	33	13	33	21	5	14	4	5	1	28	37	28	19	14	21	38	48	47	36	15	14	22	5	15
34	23	12	32	42	34	25	35	18	23	46	22	43	21	44	38	38	18	36	19	29	31	30	0	17	45	23	31	9	32	11	44	25	29	18	2	8	48	35	19	21	8	19	37	47	40	10	44	12	14
31	19	48	39	33	4	27	41	2	18	25	49	30	21	37	36	2	34	39	10	48	47	17	46	0	16	47	48	5	20	17	42	25	48	8	29	32	34	36	34	31	48	48	10	18	40	3	36	40	45
31	29	41	47	47	42	6	8	13	43	9	6	9	5	20	7	48	22	31	41	28	37	34	10	19	0	34	6	17	38	16	27	23	32	23	49	46	12	4	29	14	11	27	38	41	48	34	47	43	3
35	47	4	40	24	47	9	17	38	41	3	12	28	35	12	48	16	25	2	38	40	39	38	19	15	42	0	13	46	28	9	1	3	26	29	9	35	14	43	48	28	39	18	7	34	38	1	45	9	49
49	10	34	29	34	11	4	45	33	26	45	43	3	27	1	46	15	38	37	12	19	12	30	23	42	5	5	0	20	12	9	14	15	41	11	13	30	35	38	30	30	35	2	20	45	31	21	18	48	29
14	24	10	47	10	46	1	34	38	49	7	10	42	31	49	9	35	45	40	42	11	7	4	39	28	26	11	46	0	38	45	32	36	49	34	34	28	31	46	5	26	16	29	43	32	41	48	38	46	4
8	39	29	44	34	22	45	8	4	27	2	37	44	42	39	1	10	45	35	45	40	40	15	12	35	34	22	2	26	0	15	38	30	35	44	47	34	11	15	20	13	22	41	49	29	45	25	28	12	2
40	22	49	36	35	9	18	43	43	20	25	39	9	8	20	20	8	22	6	28	34	41	29	34	10	45	31	47	22	31	0	22	18	1	12	21	35	42	32	40	8	46	18	18	35	49	13	17	10	15
6	11	22	4	2	11	26	1	45	14	19	22	17	11	22	42	10	15	34	32	19	5	19	27	9	40	31	14	6	10	11	0	37	25	34	24	22	5	26	12	41	4	49	49	13	38	48	36	19	42
15	22	4	21	1	45	31	38	5	13	23	20	27	35	33	35	35	9	8	21	11	43	19	28	18	47	29	41	46	39	15	14	0	35	34	23	48	34	39	14	49	29	35	1	33	39	3	44	15	5
45	5	31	19	48	31	27	49	39	5	7	9	17	5	4	17	1	33	29	29	36	41	38	35	24	14	8	8	39	47	19	13	48	0	27	31	19	42	36	8	30	24	19	6	29	12	44	18	32	45
48	1	24	3	37	2	46	23	31	45	36	31	5	28	6	28	14	27	44	19	3	29	49	18	49	45	45	23	27	38	31	37	5	17	0	27	35	38	35	43	47	15	37	17	16	15	48	12	36	25
42	49	6	8	2	2	8	22	23	34	9	30	20	41	38	12	42	8	16	40	39	8	29	28	12	38	44	10	14	36	22	43	12	49	10	0	40	36	34	48	11	24	15	31	17	47	21	8	2	7
7	7	48	10	28	24	30	34	26	19	8	32	14	27	26	33	31	24	49	44	47	15	36	21	47	13	34	28	8	46	29	2	29	2	31	47	0	43	2	29	11	48	3	11	36	8	37	1	18	44
21	43	38	46	5	17	27	33	30	17	47	16	2	21	33	45	28	12	2	49	7	28	34	17	14	9	37	12	36	18	40	7	5	41	31	42	29	0	18	40	17	19	31	15	40	14	28	21	44	43
28	25	45	49	31	37	32	29	24	19	45	48	3	39	1	14	21	36	46	25	6	1	32	20	32	16	5	21	22	45	29	39	27	18	33	13	37	37	0	37	31	16	44	12	45	2	15	28	16	23
19	26	44	38	32	6	34	8	14	12	1	49	3	23	37	15	33	18	45	45	44	16	10	27	1	38	42	32	33	4	13	46	44	3	11	28	3	4	16	0	32	44	42	30	28	2	11	43	10	24
12	20	1	5	44	12	36	48	33	47	38	21	12	38	1	29	1	16	31	13	36	28	13	22	7	27	47	15	46	43	36	45	28	24	46	2	39	41	8	29	0	33	16	33	19	2	7	6	39	47
23	1	5	4	42	46	36	42	6	22	26	1	6	33	1	35	19	24	10	9	11	41	6	6	46	4	32	37	15	40	42	28	14	39	8	46	34	10	49	20	25	0	37	34	10	31	48	46	6	32
20	39	4	36	21	19	44	32	11	28	3	43	44	9	27	39	47	40	48	39	18	5	34	37	2	3	26	4	38	39	14	14	23	40	15	43	16	34	24	11	36	38	0	45	3	20	7	35	20	23
8	34	47	21	18	12	41	46	5	19	37	21	36	41	30	15	49	24	16	31	44	46	14	34	7	31	35	25	6	47	45	10	6	19	7	3	30	7	28	26	29	25	28	0	25	44	21	20	28	44
7	41	6	16	43	19	35	39	39	18	32	28	13	27	2	16	12	23	33	11	4	34	18	28	44	6	37	24	41	39	41	39	28	16	15	42	25	47	36	10	20	8	20	44	0	31	43	39	9	9
9	19	3	14	40	19	17	46	30	7	34	42	16	32	35	45	43	19	43	32	16	13	49	36	43	30	27	10	43	9	44	3	33	48	26	30	23	3	22	17	46	41	35	21	44	0	24	25	6	35
13	14	32	32	10	8	18	46	14	49	8	44	48	21	22	22	46	25	21	3	13	37	6	27	9	37	26	42	39	36	49	7	27	24	22	4	45	44	14	21	31	36	40	36	40	23	0	42	9	26
22	37	42	17	15	31	30	39	4	11	44	47	37	8	33	27	21	29	29	12	33	35	2	5	12	24	26	16	26	27	34	30	13	6	3	5	25	27	45	21	46	32	5	17	33	3	46	0	14	26
7	3	21	11	13	8	15	3	31	39	3	41	32	46	41	21	34	37	39	48	43	42	3	29	2	46	12	19	49	33	23	38	39	12	10	29	43	36	3	33	37	23	29	20	5	47	24	44	0	8
44	6	29	48	25	43	16	34	16	45	26	2	41	25	30	41	41	37	2	38	20	21	31	22	44	18	1	32	2	31	7	42	17	12	25	24	28	13	22	49	25	27	26	8	22	28	3	3	17	0
M7
0	36	4	27	24	31	25	18	38	40	11	45	25	47	10	31	41	36	9	20	19	39	13	19	7	17	27	5	34	21	31	44	12	10	28	6	41	6	43	13	11	18	16	16	44	44	27	46	49	35
13	0	4	47	14	6	20	14	18	27	22	45	32	16	17	42	35	26	35	2	25	17	48	34	15	20	7	42	29	12	40	19	32	36	7	43	35	18	33	17	35	10	31	29	22	33	47	20	12	17
43	13	0	33	23	19	5	47	15	21	9	43	41	43	21	27	40	27	21	14	16	43	10	20	1	45	16	37	38	44	1	13	28	26	19	32	45	23	35	28	31	6	39	14	18	14	19	40	47	32
24	19	21	0	38	2	20	11	17	42	11	8	44	34	31	6	43	41	34	15	15	10	17	37	45	37	3	20	41	25	16	47	2	32	31	2	11	23	31	41	41	5	10	46	11	15	37	5	23	38
13	13	1	30	0	21	39	21	16	7	4	42	42	19	40	35	3	41	29	7	24	48	29	6	4	35	34	39	32	19	46	9	45	1	25	40	19	44	34	2	39	9	48	12	20	40	40	45	28	1
23	27	25	14	4	0	37	48	26	27	4	21	41	13	11	33	40	34	49	19	42	5	48	35	26	12	27	3	41	24	16	31	17	8	26	15	15	27	7	5	4	7	4	9	37	1	6	5	35	26
46	40	15	23	13	34	0	12	24	40	28	7	33	41	18	14	5	10	2	40	6	24	45	26	30	21	19	17	21	36	42	48	35	4	14	9	47	40	25	3	43	35	28	41	21	37	26	21	37	41
15	23	29	40	49	36	31	0	16	18	11	45	13	14	5	49	47	40	22	28	16	5	22	5	23	31	28	6	33	23	30	30	37	49	46	27	2	6	13	18	27	19	23	12	10	15	37	5	8	41
46	2	16	24	28	16	43	8	0	17	18	26	13	41	10	17	26	40	20	41	6	18	26	21	27	28	19	21	27	39	40	19	4	25	41	9	43	15	13	18	25	34	1	28	27	18	1	3	29	32
13	36	2	1	16	44	44	26	30	0	4	13	15	44	20	38	44	13	5	31	11	6	43	43	26	11	19	33	30	29	23	16	47	1	4	1	44	24	24	16	39	22	34	14	29	8	1	22	43	15
5	11	28	33	47	18	15	19	44	27	0	10	25	10	12	9	17	4	19	18	12	13	33	10	32	4	10	6	19	9	5	5	39	1	13	16	6	37	48	42	10	17	39	49	14	46	12	36	32	36
28	25	18	43	28	6	16	19	6	29	20	0	43	4	11	13	26	25	9	12	46	30	24	30	15	31	1	27	25	32	48	7	44	7	4	5	30	32	16	38	6	43	44	4	9	5	40	2	8	42
26	16	39	2	49	38	33	46	26	43	36	6	0	11	39	11	40	30	13	12	18	4	29	4	44	6	12	11	16	22	12	11	18	21	9	10	45	28	11	33	11	47	43	28	37	37	14	11	24	12
8	9	5	3	30	21	13	28	38	13	14	29	35	0	43	11	33	5	29	41	44	31	42	32	48	9	2	1	39	8	10	7	43	29	21	4	20	48	30	36	37	27	30	42	35	3	7	36	37	45
48	10	4	3	7	1	20	21	12	38	25	31	17	44	0	6	45	25	23	37	2	21	31	19	24	30	18	11	34	39	18	43	48	46	19	36	36	34	37	17	15	17	13	2	36	29	4	12	47	27
14	6	24	1	49	17	24	38	26	22	38	25	36	46	7	0	33	30	43	10	4	46	1	23	30	6	22	14	39	5	14	5	15	23	2	11	41	23	37	25	31	19	35	9	37	28	25	38	44	49
48	14	8	14	45	30	17	20	39	38	28	25	44	12	49	42	0	23	21	32	16	47	23	38	23	14	32	41	37	45	38	47	28	48	49	7	8	33	21	49	26	3	29	19	1	25	37	27	6	40
26	28	24	21	18	46	30	18	29	43	16	9	27	38	11	14	35	0	27	27	10	32	1	14	8	37	26	24	12	27	19	43	47	13	3	27	44	7	43	4	7	12	40	23	48	1	39	36	37	49
11	5	26	2	49	44	2	8	7	44	43	4	26	30	10	30	43	35	0	16	41	23	25	36	28	24	22	37	31	5	40	31	36	17	5	47	15	28	47	25	20	8	17	47	13	29	35	16	40	5
40	39	21	30	48	9	17	23	37	29	15	17	2	35	2	21	23	48	13	0	23	22	18	43	18	8	33	29	36	21	28	17	8	17	33	47	17	43	28	4	10	46	16	27	36	41	9	15	16	37
12	32	23	37	19	34	18	35	47	2	35	47	29	2	41	23	23	22	37	2	0	40	1	48	37	24	16	3	30	35	10	9	8	32	15	24	30	14	40	29	27	22	3	43	15	27	44	8	45	45
49	49	34	44	12	43	4	14	7	34	28	19	31	24	27	14	2	21	11	34	43	0	15	18	22	34	7	22	49	12	28	7	47	32	16	20	34	28	42	44	32	1	29	43	39	39	4	19	22	33
18	5	12	18	30	49	49	23	48	10	1	31	38	8	37	25	3	11	2	26	31	18	0	10	23	15	27	46	8	5	39	31	3	20	10	24	22	21	21	40	20	23	15	3	45	43	33	32	32	30
23	36	24	40	39	16	27	45	26	14	21	2	27	25	2	36	42	47	5	24	36	18	3	0	13	18	5	9	12	2	9	12	22	47	26	28	39	30	49	41	6	28	38	29	33	3	1	26	31	37
7	5	18	10	38	25	29	43	26	41	30	11	5	19	6	42	5	31	41	18	49	19	9	21	0	37	44	8	17	12	20	20	2	21	45	24	11	43	17	13	12	9	23	49	41	18	12	14	34	6
16	49	39	36	39	46	33	4	43	47	6	24	28	26	10	11	41	3	16	11	32	31	38	19	49	0	40	6	6	49	32	22	9	1	8	37	20	9	40	38	49	14	43	34	14	48	24	7	42	44
8	8	3	3	34	29	44	30	36	49	37	40	49	20	42	45	3	11	40	9	41	6	14	10	49	2	0	16	26	42	6	30	44	33	28	16	34	47	40	45	34	40	49	41	43	11	17	32	46	13
17	26	44	26	48	6	46	38	38	25	11	15	41	35	20	15	25	35	10	27	18	5	49	20	15	5	22	0	12	18	1	39	6	20	40	1	5	24	6	3	49	7	49	48	28	16	19	37	30	4
27	37	8	6	29	21	10	36	26	35	5	48	20	47	43	39	30	35	12	34	19	21	38	1	5	41	22	3	0	36	3	47	24	44	2	4	39	46	13	11	36	16	46	44	4	8	32	26	5	30
33	15	26	24	6	26	46	16	38	43	43	43	8	27	7	26	12	7	2	9	48	39	20	41	19	40	47	31	42	0	47	1	8	3	7	41	19	27	49	5	20	41	38	1	43	35	20	27	45	3
39	18	39	16	30	25	31	16	6	14	3	18	43	18	16	32	12	15	29	17	15	14	14	1	11	5	35	4	19	18	0	10	36	1	8	34	16	33	21	26	2	7	8	35	34	38	7	43	31	32
28	47	21	41	46	5	19	17	7	18	22	10	20	15	1	20	38	13	14	14	8	25	43	16	1	36	6	49	22	15	39	0	48	5	42	47	18	9	9	1	17	27	36	37	16	29	37	7	7	18
18	37	6	19	36	5	6	36	15	36	38	28	38	18	22	15	6	18	46	36	3	49	25	7	33	33	6	49	42	44	47	1	0	13	28	9	19	30	6	7	25	24	17	3	43	8	8	41	22	49
18	47	48	25	20	10	4	1	33	37	43	29	28	7	36	35	39	37	7	37	12	1	2	17	28	34	46	3	22	24	35	11	46	0	8	45	22	18	42	47	26	47	11	28	32	47	32	17	45	39
24	10	47	41	24	14	42	35	17	21	38	3	17	7	47	15	29	10	2	49	49	36	46	27	17	29	20	20	45	30	24	9	18	40	0	10	16	18	35	48	47	25	7	13	15	46	34	40	47	32
7	32	22	11	38	44	9	39	28	47	35	49	9	28	42	34	42	34	4	26	5	29	7	25	5	12	2	16	10	44	35	1	33	40	44	0	10	41	3	19	2	14	6	12	26	30	34	47	3	39
42	26	46	32	29	47	23	18	5	31	11	20	36	27	39	17	15	25	35	3	49	21	19	34	18	43	36	14	43	44	22	40	16	6	31	46	0	38	39	19	10	46	46	42	46	14	39	14	21	4
22	27	47	13	20	47	40	44	49	20	28	28	18	7	33	42	13	37	47	43	43	2	48	27	18	2	15	1	49	11	36	15	47	31	23	15	4	0	37	44	31	24	43	31	35	15	36	41	25	23
23	4	32	5	4	11	22	40	10	43	39	49	31	38	17	12	48	45	30	4	28	14	8	37	6	29	31	45	9	16	25	9	4	3	36	12	47	30	0	42	34	16	49	48	44	41	34	38	27	30
48	27	37	48	21	40	37	32	21	9	35	37	44	12	45	46	2	37	36	47	47	33	46	47	40	19	2	27	14	19	6	34	38	23	9	24	48	30	45	0	28	2	31	20	1	43	18	9	23	27
15	42	10	10	25	2	12	21	11	3	38	46	8	11	23	39	34	13	17	35	12	11	28	9	35	49	45	13	35	24	10	26	45	30	30	21	34	46	44	38	0	11	42	40	36	12	8	10	43	21
33	33	26	7	5	43	25	28	40	35	33	15	20	34	16	2	38	48	42	12	5	11	37	26	29	19	18	3	12	14	15	46	38	19	23	21	29	18	28	43	17	0	47	20	19	24	31	30	6	44
44	44	44	28	5	4	37	33	22	9	8	37	8	37	17	38	13	36	46	9	20	41	35	21	28	17	19	14	37	25	27	14	39	1	3	40	48	19	48	38	17	9	0	19	1	20	13	39	29	44
32	10	44	1	30	29	5	40	3	47	21	45	25	32	1	45	43	43	44	44	11	34	44	35	47	33	21	29	13	16	48	35	34	21	14	38	7	26	37	10	37	47	23	0	47	24	37	46	18	14
9	18	21	49	43	12	26	39	13	16	21	29	47	18	46	24	29	18	40	25	48	46	33	12	20	4	45	36	4	31	2	9	24	13	39	1	46	14	5	29	27	4	33	22	0	34	1	32	37	14
37	42	37	40	27	20	1	28	42	40	45	41	25	33	29	4	10	36	23	38	38	3	44	6	4	9	23	20	45	37	21	44	26	10	37	19	35	49	9	44	24	40	3	9	34	0	42	38	43	11
31	24	35	37	19	44	39	38	43	32	2	43	49	24	22	13	37	15	26	41	14	25	3	30	6	31	10	4	47	4	26	48	18	1	26	23	17	20	28	26	37	18	19	19	46	8	0	34	5	47
3	24	29	23	18	45	45	1	23	47	17	11	48	19	29	22	46	23	25	27	45	33	42	44	20	11	39	46	37	4	32	42	30	47	44	6	41	26	6	43	39	24	45	34	6	24	33	0	48	1
9	33	49	26	25	7	24	47	16	6	12	34	37	4	3	20	6	47	3	27	8	45	7	12	36	49	12	15	30	19	28	44	42	1	44	48	35	45	36	28	17	12	43	29	29	3	39	39	0	29
11	25	42	15	3	18	39	30	28	29	20	10	21	25	7	2	45	44	32	5	31	48	9	47	36	36	9	7	36	38	1	22	21	47	34	29	13	6	42	1	18	14	24	21	48	28	8	41	48	0
M8
0	45	29	34	40	29	9	37	47	24	18	33	41	20	10	10	28	13	34	46	15	5	12	37	42	32	39	8	35	7	14	34	3	11	24	35	47	2	13	14	3	34	7	7	28	29	19	40	45	29
4	0	20	48	4	5	29	16	46	30	47	44	10	37	29	16	19	30	30	31	45	28	2	46	34	32	12	32	41	22	37	48	23	35	15	3	44	1	14	39	5	22	5	10	15	32	46	8	16	46
1	17	0	39	31	24	12	33	12	16	15	11	10	43	28	34	8	4	17	22	47	25	4	2	44	28	46	28	48	29	13	14	3	37	34	21	16	3	20	32	15	24	16	21	17	26	35	21	27	22
34	37	13	0	44	34	21	37	1	42	34	30	41	28	41	10	43	13	28	48	4	31	23	22	24	48	34	23	24	37	9	34	15	45	42	34	2	1	36	44	42	10	47	17	24	14	43	12	31	31
5	12	43	41	0	38	19	40	1	41	1	1	13	37	2	35	42	46	18	24	5	16	18	7	40	12	42	35	42	32	35	23	21	46	12	37	39	5	48	33	39	13	19	39	6	13	33	1	21	11
41	36	41	18	18	0	33	48	46	34	12	2	35	36	1	13	7	20	43	48	36	12	45	5	45	41	48	20	11	16	34	24	49	47	11	40	40	10	46	27	5	15	7	41	45	6	7	39	38	30
23	32	43	14	8	14	0	19	23	8	27	20	17	23	46	33	5	17	22	26	17	7	41	16	1	2	25	25	15	45	33	1	6	32	40	23	22	35	9	39	17	21	9	46	37	11	35	35	45	24
43	5	19	9	36	37	4	0	45	29	1	19	29	29	6	28	24	13	16	5	27	9	41	20	12	10	14	10	3	36	31	25	46	1	3	4	32	29	7	30	15	43	15	2	30	11	21	48	1	28
5	41	18	8	41	23	29	40	0	11	47	17	46	4	18	48	29	34	16	41	15	41	31	6	22	28	32	33	15	17	37	12	1	12	18	29	25	30	10	43	22	42	47	27	16	37	16	39	49	5
6	38	14	36	2	38	30	17	11	0	31	25	18	37	5	35	4	25	16	7	31	12	48	41	32	39	21	41	20	34	28	23	13	32	8	22	15	30	4	48	23	19	27	30	2	8	24	25	34	14
18	24	46	3	10	46	16	31	43	24	0	45	4	21	49	48	11	19	12	31	3	17	21	7	21	35	18	1	28	12	1	3	39	12	24	5	2	17	49	1	18	1	15	10	26	21	17	42	14	30
30	17	46	16	2	42	12	29	25	1	47	0	9	29	47	16	8	30	16	23	31	27	6	23	11	14	14	24	31	49	16	21	30	1	32	35	11	12	23	21	44	43	42	35	2	21	48	14	2	41
17	24	35	17	21	3	49	24	13	37	48	13	0	32	18	46	23	19	37	34	33	6	8	23	11	20	29	26	19	27	10	25	32	25	7	37	22	48	45	4	48	13	28	22	7	47	48	40	22	43
15	41	13	16	15	22	19	30	37	16	9	48	39	0	45	4	35	20	16	6	9	24	20	40	28	25	43	24	8	13	7	47	4	25	12	11	44	16	4	10	25	37	2	13	15	43	12	30	24	4
23	48	39	38	6	4	25	29	7	42	1	20	28	28	0	28	18	44	48	48	17	43	25	11	26	10	39	23	21	13	15	42	44	33	42	43	25	28	45	22	8	1	29	5	33	22	14	20	41	14
13	2	7	26	8	45	20	19	39	11	27	20	36	25	23	0	43	41	39	49	16	20	44	2	14	40	41	25	39	34	15	34	16	3	45	5	47	3	44	5	2	48	7	25	39	45	31	15	25	14
15	12	5	34	20	18	29	18	22	23	17	42	26	32	20	30	0	36	15	12	4	25	36	29	42	31	34	14	24	3	40	19	42	22	41	44	47	30	34	30	45	1	14	27	19	45	14	16	23	46
20	35	7	7	39	20	35	45	31	20	26	8	13	41	22	28	3	0	40	17	11	48	47	43	21	39	28	18	43	6	20	18	16	36	42	8	16	8	41	28	3	49	21	33	44	41	30	11	20	38
13	2	1	27	10	18	21	49	12	23	21	24	17	19	1	14	20	5	0	31	7	7	11	46	30	14	1	40	29	45	30	48	28	39	11	44	7	40	18	26	2	6	38	7	32	17	41	23	31	13
44	36	20	30	13	14	21	32	12	49	25	21	15	32	28	9	7	39	43	0	15	28	8	10	22	48	8	39	3	15	22	2	28	26	17	1	19	1	32	27	42	25	10	20	13	13	6	31	19	1
37	12	4	21	24	43	10	12	12	46	27	30	3	19	30	48	15	20	31	28	0	19	10	48	23	31	3	48	36	19	10	28	5	42	8	24	9	29	32	3	13	33	1	20	44	35	12	47	13	24
22	22	40	34	39	39	18	10	3	30	10	39	19	6	31	14	45	43	41	14	9	0	17	11	18	42	29	25	10	36	14	20	44	18	43	18	30	39	37	42	14	47	31	20	2	45	32	44	15	9
25	7	14	17	8	41	38	9	28	6	29	33	28	21	27	38	45	30	49	44	1	10	0	46	7	47	20	5	9	44	10	14	1	30	32	6	6	13	19	46	29	13	30	15	27	46	18	28	35	27
35	26	44	23	7	34	45	49	24	15	10	42	41	29	45	20	31	7	30	6	28	25	29	0	1	8	4	20	35	15	10	28	33	30	35	35	35	45	38	25	29	9	16	31	36	7	37	35	48	7
25	4	46	33	33	27	32	12	49	1	23	17	35	7	8	49	45	22	48	16	43	47	49	16	0	7	39	45	22	17	32	23	2	12	45	28	23	10	37	21	25	23	37	44	27	22	31	39	16	14
16	14	31	16	12	48	49	4	31	1	6	49	18	43	44	8	34	30	13	23	19	3	48	9	29	0	48	2	42	30	19	40	41	35	15	33	2	12	35	28	37	34	39	25	22	43	11	3	46	4
18	43	19	24	36	42	11	12	43	47	23	2	32	23	18	4	20	35	23	35	43	33	8	12	14	1	0	26	30	22	33	3	44	39	31	25	1	3	32	48	47	45	22	43	15	12	2	27	5	36
32	34	15	27	7	29	7	33	2	5	18	23	30	41	5	30	17	45	40	6	6	7	33	33	32	37	6	0	39	2	43	26	2	39	17	26	15	8	32	43	19	49	6	16	6	26	21	39	9	21
12	30	23	16	37	49	44	37	42	32	44	38	31	17	41	1	30	41	6	7	16	31	1	17	32	5	12	42	0	39	11	32	34	39	2	3	27	11	7	27	47	49	22	5	14	48	27	16	36	14
26	24	38	44	7	20	24	40	32	27	38	37	39	39	29	18	29	17	17	9	46	40	22	6	19	43	18	42	19	0	21	40	37	41	16	49	46	43	27	45	39	18	39	11	45	1	7	48	18	33
10	28	35	44	2	23	9	40	33	32	4	10	35	32	46	40	47	1	21	44	33	6	43	48	31	46	37	28	43	15	0	38	29	49	14	7	9	40	12	14	21	43	22	14	23	25	11	19	24	13
15	30	45	9	28	20	31	34	19	28	12	45	25	8	26	25	43	7	27	45	2	26	16	41	43	43	40	42	47	8	36	0	23	31	5	13	37	39	41	44	27	40	22	49	43	2	33	28	49	48
36	20	15	6	7	48	42	42	8	1	21	39	48	16	16	49	39	47	9	16	32	34	35	13	16	45	4	41	1	32	9	22	0	13	42	9	37	23	13	10	48	13	49	33	12	4	44	49	32	48
29	24	34	22	17	34	23	1	11	27	21	25	31	9	23	18	28	45	13	41	23	3	34	4	38	35	13	15	1	7	9	9	24	0	47	23	45	26	44	1	4	15	1	39	48	14	31	23	4	44
5	47	36	11	30	8	20	27	18	19	3	7	41	17	18	26	48	10	38	20	35	9	47	33	44	23	45	12	29	6	34	40	26	9	0	33	29	47	17	40	33	8	30	17	29	29	13	36	13	11
25	42	21	25	3	44	46	16	22	17	1	28	19	43	47	10	13	14	1	8	45	36	29	17	25	36	28	22	11	42	45	26	48	4	24	0	27	25	49	46	7	14	43	2	27	24	29	29	15	28
12	16	12	19	20	46	41	5	18	11	40	42	32	14	46	12	19	42	4	5	8	29	43	3	34	30	46	45	7	30	13	23	16	35	10	48	0	44	22	14	49	47	27	29	2	14	42	36	45	43
11	16	11	7	48	38	18	27	45	30	20	8	27	32	19	19	41	46	35	6	1	1	12	40	21	8	44	17	38	16	34	32	30	21	1	23	14	0	38	13	39	5	45	49	31	31	14	34	17	31
16	17	41	34	5	23	42	33	14	40	35	37	20	10	46	23	24	19	29	44	26	18	18	4	30	47	41	33	9	42	11	27	11	20	27	31	14	38	0	24	45	13	24	27	11	41	7	2	33	27
1	33	14	19	40	37	38	46	42	19	6	27	14	3	17	19	10	34	8	49	39	39	38	39	41	22	10	32	11	16	19	32	15	40	5	20	11	1	45	0	29	23	11	4	39	23	2	10	28	41
23	36	20	34	17	33	1	2	11	19	7	6	11	14	37	24	43	6	16	39	41	9	35	45	31	16	27	41	20	33	23	5	44	47	18	5	19	47	29	28	0	4	4	38	30	14	18	38	25	28
12	31	7	22	5	44	25	11	12	32	44	22	35	36	29	44	27	22	12	33	44	27	9	26	12	12	21	4	49	28	6	21	27	23	25	31	6	9	44	44	42	0	5	9	29	33	46	35	6	20
44	38	26	29	21	41	21	24	19	16	17	49	48	40	41	11	34	27	40	27	3	45	47	40	6	8	15	14	32	28	7	26	34	46	45	4	11	39	46	3	16	3	0	39	26	38	41	47	30	44
26	46	30	25	36	47	23	9	20	6	34	18	3	14	4	26	21	16	13	16	29	27	40	15	23	14	9	34	11	40	9	16	7	27	20	46	37	40	36	43	22	33	18	0	27	41	36	18	36	25
41	47	33	2	6	14	41	16	36	45	20	39	14	28	48	32	39	46	9	32	39	12	4	42	33	13	30	18	26	40	20	46	7	41	27	8	39	32	30	23	7	3	28	4	0	1	26	26	41	18
4	27	18	22	9	39	11	44	32	45	39	24	2	16	47	22	24	38	14	3	34	25	36	28	19	37	21	26	47	17	47	26	32	41	4	34	23	15	7	11	11	38	5	14	36	0	47	20	29	19
28	1	36	42	31	49	9	1	25	45	8	45	26	41	8	13	12	15	36	29	1	11	29	3	23	49	21	37	26	28	48	45	32	9	47	12	13	4	10	23	17	20	2	27	42	37	0	34	26	22
37	7	35	30	5	49	31	10	49	12	6	44	12	28	15	8	46	9	29	46	45	46	33	34	25	10	10	40	27	7	42	28	21	39	31	46	20	27	40	9	18	42	47	32	39	45	34	0	35	31
11	11	17	20	38	45	48	31	22	17	29	29	5	30	9	29	45	38	3	39	22	41	25	4	14	29	5	3	9	7	16	45	10	9	19	21	8	44	25	46	20	28	6	35	36	1	17	38	0	2
11	10	48	44	17	13	47	15	19	12	20	2	28	27	36	29	5	9	47	33	36	32	15	28	31	47	14	39	10	25	39	1	35	43	30	14	19	24	26	29	47	38	35	39	39	15	13	7	13	0
M9
0	2	45	45	42	31	23	12	21	21	10	30	8	31	35	4	28	35	21	47	17	9	7	29	49	5	19	15	25	2	46	48	29	24	14	29	8	34	41	27	46	27	44	5	40	5	41	35	40	30
6	0	23	4	14	43	29	16	16	17	2	16	30	23	27	34	12	1	23	44	47	32	21	19	49	13	35	47	37	39	40	4	30	22	16	38	34	27	35	47	13	1	48	36	17	41	30	36	11	8
19	36	0	29	43	34	2	11	36	27	13	44	21	26	32	49	8	11	2	11	40	46	2	22	16	38	6	49	14	13	28	27	33	16	33	33	14	47	17	15	14	12	15	14	42	18	21	13	2	42
40	36	1	0	49	39	3	37	27	36	39	16	45	36	28	30	12	9	9	18	32	46	4	19	48	28	5	24	9	1	5	41	1	26	45	16	26	32	2	14	6	36	22	36	17	15	40	1	14	3
7	21	2	24	0	4	49	29	19	1	48	7	28	17	19	29	45	26	33	48	8	1	19	38	10	3	27	30	4	2	47	27	27	23	24	12	45	25	31	22	1	7	12	36	47	7	24	27	8	10
34	28	1	15	4	0	22	4	12	4	7	24	7	23	17	10	2	18	9	9	16	15	23	29	2	23	38	32	37	48	44	38	28	41	22	2	46	44	31	8	1	45	31	27	13	33	47	2	36	31
30	24	6	26	11	7	0	35	6	21	39	33	34	39	35	8	17	23	11	32	42	19	10	43	42	10	48	39	33	40	22	15	31	5	5	13	19	40	30	32	45	7	6	30	26	19	16	27	8	21
32	43	26	19	39	38	2	0	9	5	13	28	19	10	25	24	3	22	37	21	45	37	37	42	37	4	22	16	47	15	9	2	43	29	37	48	40	23	5	40	17	45	21	26	10	23	3	3	37	5
19	35	39	16	20	8	18	33	0	15	49	42	37	23	24	12	21	6	38	25	30	34	40	35	49	11	33	46	39	30	48	12	39	27	42	14	43	22	18	24	29	24	22	25	10	40	38	36	35	26
3	41	24	44	47	33	31	40	9	0	15	6	36	32	20	18	21	46	41	45	8	13	42	10	25	30	21	26	26	45	20	5	12	20	37	15	22	20	45	35	29	13	3	39	2	13	48	40	41	31
21	40	13	44	31	21	3	21	8	1	0	46	37	9	21	9	48	39	6	27	28	24	38	4	4	6	27	49	36	26	14	18	1	31	40	46	28	12	44	4	41	20	17	11	40	36	31	1	20	6
43	43	8	36	49	3	42	19	23	4	38	0	20	2	13	40	30	4	42	42	23	42	34	41	44	27	30	23	32	40	5	43	18	21	27	8	18	10	25	41	46	6	35	41	41	24	23	7	6	32
4	31	20	9	10	19	21	6	13	39	13	11	0	25	2	41	26	7	37	18	41	30	13	41	17	14	8	41	10	33	36	22	23	9	48	24	22	7	25	44	43	12	32	39	10	48	5	19	39	32
24	6	1	36	19	14	23	5	37	15	44	10	36	0	23	17	7	14	24	38	11	11	14	3	30	34	13	16	1	39	21	38	29	3	14	23	22	24	26	8	21	19	45	19	8	45	34	1	21	9
23	48	21	28	31	15	18	15	27	10	37	15	49	41	0	42	27	42	29	27	42	45	24	25	27	9	31	16	24	7	4	46	30	42	27	41	29	4	30	24	32	15	32	4	20	31	14	42	11	8
20	1	40	43	45	27	28	23	39	6	11	21	1	2	35	0	20	27	40	17	41	20	42	32	3	31	28	17	26	17	20	32	42	28	2	33	44	15	32	25	47	6	38	17	38	12	27	46	8	35
44	46	9	24	18	49	8	9	25	44	21	4	41	31	47	18	0	2	39	27	44	45	9	31	1	8	33	47	1	35	48	27	21	41	21	23	1	40	8	38	28	43	17	32	23	41	14	36	38	28
24	24	15	20	9	16	49	41	23	16	26	13	41	15	34	28	48	0	7	30	49	18	44	6	18	24	4	19	31	46	42	17	22	8	22	28	5	42	35	38	6	29	41	40	18	36	22	9	12	33
35	10	29	29	17	17	17	33	9	27	42	10	14	17	33	10	10	6	0	46	17	14	8	49	16	49	40	32	7	19	8	11	33	39	8	15	29	38	45	45	35	3	32	31	49	16	29	22	49	34
36	41	26	18	6	7	26	43	20	11	43	41	30	4	7	3	13	38	44	0	33	28	44	48	15	9	25	22	29	31	10	48	41	31	32	3	4	37	47	29	9	14	28	46	40	3	27	13	13	30
27	39	17	13	37	15	6	30	24	48	2	29	26	28	35	18	9	18	20	15	0	27	16	7	5	34	31	35	37	29	10	12	38	9	17	46	3	34	5	16	11	1	13	48	14	12	10	20	47	11
31	8	8	36	9	29	18	1	26	11	27	19	10	43	32	9	17	21	8	31	13	0	13	12	2	13	48	5	18	19	7	36	22	39	47	43	49	2	45	22	23	22	18	47	15	22	9	28	47	19
28	45	9	9	44	38	45	9	49	6	6	28	9	24	26	29	13	3	27	15	7	33	0	18	25	25	4	45	10	10	11	46	41	1	39	31	40	37	38	22	24	15	4	46	12	44	17	6	24	19
28	16	46	39	11	25	2	15	36	48	36	6	35	22	38	11	22	1	30	44	8	45	46	0	25	15	21	46	34	42	38	36	19	17	45	20	1	8	8	34	38	15	25	13	5	25	38	6	22	31
3	25	2	34	3	27	25	39	21	8	6	47	1	17	13	22	31	31	27	23	49	17	13	44	0	32	5	25	25	10	24	39	12	7	48	21	1	2	28	28	9	48	24	36	47	16	6	37	7	26
7	33	49	10	9	22	9	40	28	32	47	45	15	11	18	21	2	44	34	26	28	12	36	15	22	0	10	28	8	28	23	38	15	45	12	24	18	29	14	25	28	46	3	27	5	37	24	8	35	10
43	9	28	17	24	18	42	30	15	44	43	1	41	42	20	23	37	28	28	13	6	42	36	29	10	14	0	42	38	9	48	28	22	16	38	35	47	25	31	14	29	41	22	41	27	5	2	47	42	10
38	16	9	30	42	14	41	36	31	12	3	35	14	9	18	41	36	47	38	42	35	20	48	34	4	15	1	0	17	6	39	29	11	27	29	27	35	38	20	3	17	20	14	6	16	33	25	48	27	8
37	18	22	23	14	20	43	4	28	49	25	3	21	36	48	8	39	42	37	26	26	30	38	41	47	7	5	45	0	10	42	10	3	49	30	24	18	9	24	21	6	39	43	15	43	7	44	12	41	40
42	17	31	11	46	44	26	9	9	47	44	28	5	4	16	1	32	26	25	27	44	24	12	8	39	15	40	42	8	0	18	33	47	28	23	14	16	19	30	24	42	49	30	33	34	15	4	37	32	43
23	33	3	15	14	45	37	32	45	11	11	6	13	31	2	13	20	16	41	21	47	5	39	5	31	19	15	28	33	49	0	8	47	23	12	26	18	5	47	31	6	17	30	29	45	22	29	14	25	38
11	47	24	48	7	38	41	20	18	41	28	42	31	11	41	5	13	4	40	14	29	40	32	32	29	49	8	47	15	19	5	0	26	3	6	1	42	40	28	11	7	4	24	21	14	7	1	34	10	19
45	17	16	22	14	20	36	47	12	3	24	22	22	6	46	30	47	25	41	31	41	7	43	6	3	39	7	41	9	49	48	48	0	28	34	35	25	45	19	13	30	36	12	13	27	5	46	30	12	12
21	10	29	11	8	24	10	9	43	9	48	37	24	46	47	34	29	4	11	30	16	39	31	33	45	5	3	19	7	23	49	3	14	0	19	1	17	32	35	11	3	17	39	34	14	7	45	47	7	40
5	17	10	34	35	10	44	38	18	13	40	29	38	28	29	30	41	33	37	37	1	10	33	21	43	49	36	12	5	9	1	8	25	3	0	22	39	9	32	49	2	2	21	15	23	6	11	14	46	5
31	45	18	40	14	35	41	47	40	26	14	48	27	30	19	10	46	4	30	12	23	11	22	34	31	14	8	20	47	39	39	40	22	17	7	0	12	38	27	41	5	46	28	4	20	28	20	15	2	47
39	47	35	14	28	12	20	43	31	17	44	16	46	38	34	2	21	24	17	6	12	8	48	2	9	33	25	19	3	37	2	22	11	20	16	42	0	35	10	45	2	31	47	8	29	37	22	25	33	25
32	47	45	28	5	41	36	8	19	39	41	25	29	15	9	47	14	26	3	1	29	24	44	2	11	4	30	25	20	6	2	45	26	37	42	2	21	0	24	24	37	40	3	17	41	31	46	12	26	33
33	48	29	11	48	8	6	28	44	44	31	14	24	11	46	44	11	40	40	22	16	32	31	40	23	48	16	37	9	11	22	20	46	37	10	19	41	16	0	25	38	8	30	38	33	31	35	38	11	34
38	39	1	17	24	47	25	23	25	24	43	18	48	8	8	15	37	17	46	3	44	17	40	37	27	39	13	30	17	31	37	15	45	27	21	5	8	17	13	0	43	13	1	42	43	41	4	13	28	19
11	10	13	9	10	48	44	8	36	33	31	19	29	26	3	25	21	27	34	33	42	36	39	13	42	32	7	24	26	45	21	15	35	3	30	21	6	39	6	24	0	43	30	47	23	38	16	37	47	18
36	43	47	47	42	35	7	4	9	36	2	42	2	14	11	22	42	41	37	28	2	16	14	34	37	44	31	10	34	2	42	5	44	44	41	32	38	19	11	2	19	0	13	46	15	14	25	3	34	24
14	8	25	39	32	44	40	39	42	14	42	47	18	44	2	20	32	2	16	48	46	19	11	12	22	4	4	6	9	39	24	19	42	28	15	19	33	15	7	24	17	13	0	35	10	2	46	13	9	28
7	42	8	39	12	17	35	2	35	18	37	14	32	26	22	1	38	40	20	11	9	35	26	44	37	30	14	9	46	30	33	33	31	28	14	36	48	18	40	44	24	13	10	0	30	43	11	6	43	22
16	36	24	38	42	35	10	17	22	39	37	2	29	39	28	44	12	30	41	22	19	28	47	21	43	8	37	47	33	17	1	8	30	24	47	2	49	39	46	2	1	6	25	26	0	19	2	22	10	5
32	27	8	36	47	11	49	11	9	9	24	36	30	34	19	42	2	25	25	42	28	46	10	2	21	3	39	48	17	2	36	39	9	30	11	47	3	40	48	14	26	7	8	44	44	0	35	23	35	4
13	19	14	39	3	29	13	31	42	19	46	12	34	24	25	11	5	20	39	46	43	30	48	13	36	43	20	34	20	34	15	25	36	26	20	17	13	19	15	18	7	1	31	35	16	23	0	38	6	21
8	8	31	31	24	10	9	45	32	9	49	37	8	10	26	37	20	23	1	28	6	41	6	2	24	2	15	21	23	34	20	16	24	11	13	22	30	39	42	20	30	41	19	14	44	19	28	0	22	8
1	32	7	37	18	4	21	39	46	1	4	11	34	46	42	6	16	45	34	17	28	31	39	2	36	43	5	42	18	19	15	26	35	7	5	28	22	11	4	1	37	22	44	17	38	40	20	19	0	1
36	43	23	12	30	25	20	45	2	44	40	2	47	8	47	24	17	38	17	27	15	28	22	31	32	7	17	14	20	35	12	2	41	26	8	26	33	38	14	4	46	46	24	39	26	5	22	20	9	0
