50  10  1
10
	0	94	1	29	2	88	3	92	4	47	5	73	6	11	7	29	8	19	9	89
	0	14	1	43	2	90	3	63	4	28	5	58	6	4	7	43	8	92	9	34
	0	25	1	25	2	74	3	16	4	23	5	19	6	93	7	41	8	30	9	46
	0	2	1	100	2	19	3	37	4	86	5	4	6	80	7	40	8	72	9	17
	0	99	1	48	2	75	3	25	4	80	5	4	6	5	7	72	8	49	9	49
	0	24	1	84	2	29	3	24	4	24	5	52	6	91	7	34	8	60	9	54
	0	7	1	37	2	71	3	28	4	63	5	18	6	58	7	32	8	5	9	55
	0	11	1	57	2	36	3	5	4	6	5	66	6	76	7	39	8	9	9	88
	0	58	1	24	2	54	3	89	4	24	5	31	6	97	7	83	8	34	9	7
	0	44	1	72	2	20	3	44	4	18	5	32	6	30	7	36	8	15	9	64
	0	52	1	7	2	48	3	87	4	17	5	41	6	99	7	53	8	8	9	66
	0	8	1	92	2	40	3	53	4	92	5	28	6	80	7	42	8	49	9	26
	0	19	1	14	2	7	3	48	4	15	5	46	6	21	7	47	8	84	9	46
	0	11	1	14	2	85	3	45	4	25	5	50	6	40	7	75	8	38	9	52
	0	91	1	94	2	44	3	18	4	62	5	8	6	89	7	3	8	3	9	14
	0	57	1	97	2	21	3	68	4	9	5	10	6	26	7	34	8	31	9	60
	0	46	1	90	2	49	3	24	4	98	5	84	6	2	7	88	8	9	9	66
	0	6	1	6	2	22	3	47	4	25	5	55	6	49	7	51	8	44	9	43
	0	29	1	68	2	15	3	17	4	24	5	23	6	2	7	64	8	64	9	16
	0	69	1	9	2	94	3	100	4	73	5	62	6	19	7	3	8	62	9	48
	0	35	1	12	2	77	3	33	4	83	5	65	6	32	7	42	8	84	9	35
	0	1	1	6	2	27	3	91	4	41	5	6	6	19	7	72	8	35	9	91
	0	28	1	11	2	23	3	84	4	66	5	96	6	76	7	23	8	11	9	45
	0	5	1	75	2	39	3	49	4	24	5	28	6	35	7	100	8	15	9	69
	0	7	1	99	2	50	3	75	4	1	5	32	6	73	7	87	8	5	9	45
	0	53	1	49	2	95	3	55	4	56	5	26	6	56	7	88	8	95	9	29
	0	66	1	17	2	54	3	17	4	48	5	54	6	13	7	63	8	24	9	19
	0	96	1	78	2	18	3	72	4	24	5	58	6	84	7	5	8	66	9	82
	0	87	1	13	2	95	3	75	4	30	5	97	6	99	7	29	8	17	9	75
	0	10	1	27	2	11	3	89	4	52	5	25	6	98	7	41	8	7	9	85
	0	80	1	2	2	65	3	63	4	71	5	74	6	3	7	92	8	47	9	89
	0	99	1	17	2	81	3	85	4	96	5	79	6	75	7	99	8	51	9	36
	0	57	1	46	2	50	3	91	4	7	5	97	6	60	7	48	8	31	9	64
	0	63	1	20	2	14	3	45	4	85	5	70	6	81	7	11	8	13	9	40
	0	89	1	25	2	70	3	20	4	8	5	10	6	86	7	49	8	61	9	37
	0	87	1	45	2	46	3	77	4	87	5	23	6	44	7	41	8	63	9	41
	0	100	1	16	2	34	3	69	4	19	5	55	6	87	7	95	8	20	9	80
	0	23	1	90	2	44	3	19	4	96	5	19	6	99	7	76	8	90	9	50
	0	96	1	3	2	47	3	1	4	9	5	34	6	40	7	50	8	49	9	82
	0	64	1	57	2	64	3	30	4	67	5	11	6	74	7	57	8	73	9	86
	0	18	1	67	2	49	3	60	4	78	5	42	6	17	7	44	8	92	9	9
	0	29	1	23	2	75	3	3	4	43	5	6	6	29	7	73	8	71	9	25
	0	79	1	48	2	85	3	51	4	87	5	77	6	7	7	98	8	37	9	86
	0	17	1	44	2	61	3	47	4	53	5	90	6	92	7	28	8	91	9	26
	0	31	1	75	2	19	3	86	4	74	5	54	6	59	7	9	8	47	9	37
	0	90	1	31	2	25	3	31	4	72	5	82	6	47	7	66	8	91	9	64
	0	52	1	95	2	59	3	21	4	96	5	83	6	40	7	51	8	17	9	75
	0	97	1	99	2	71	3	78	4	72	5	33	6	53	7	90	8	48	9	12
	0	64	1	60	2	49	3	74	4	11	5	87	6	88	7	9	8	24	9	48
	0	55	1	14	2	45	3	48	4	15	5	19	6	25	7	27	8	63	9	37
SSD
M0
0	18	46	35	96	72	63	93	35	51	57	31	70	36	64	49	86	92	33	18	90	8	10	26	33	22	24	66	91	9	23	17	70	93	67	24	57	6	13	87	40	96	19	5	89	77	62	34	31	59
54	0	66	91	98	79	31	82	76	17	68	48	66	1	46	1	73	29	5	17	46	48	49	71	94	48	31	25	61	53	94	93	33	97	60	73	2	24	88	99	81	34	44	44	74	79	37	2	21	85
38	16	0	79	31	71	31	37	36	45	86	17	27	64	87	69	75	43	3	29	49	14	97	94	96	87	89	66	70	22	76	33	56	3	94	97	61	44	93	95	85	51	34	35	61	25	52	55	63	81
45	4	98	0	19	67	54	40	64	45	36	69	80	52	38	24	2	96	1	78	48	15	27	14	24	79	59	26	3	55	11	99	62	70	53	56	8	75	82	14	10	24	32	65	35	84	98	34	56	64
97	60	63	24	0	70	52	9	85	94	75	67	90	90	90	91	47	17	44	83	65	86	81	29	88	62	34	54	54	9	98	7	46	5	25	63	28	47	46	21	67	2	56	36	75	79	2	94	47	38
26	40	58	53	21	0	95	56	92	40	53	69	96	92	16	86	44	27	17	11	61	56	46	90	2	4	70	58	95	65	21	43	69	1	72	49	52	23	58	94	46	38	90	65	22	54	66	36	48	63
88	32	1	55	40	75	0	70	42	77	11	92	78	37	11	72	10	65	13	39	93	32	20	5	72	71	4	77	87	60	44	57	67	39	28	35	31	30	88	43	83	11	33	54	2	29	26	14	32	2
97	50	54	4	5	7	74	0	46	69	89	58	20	63	17	14	22	13	17	86	13	53	14	30	65	51	97	56	8	66	71	83	60	31	3	36	29	69	48	66	9	79	17	98	89	46	83	14	89	74
82	36	54	40	32	73	86	17	0	73	33	99	10	28	24	13	16	2	89	37	88	85	59	2	73	51	3	32	49	19	21	85	79	50	11	93	75	7	92	62	9	63	83	54	39	76	48	29	31	30
74	24	87	30	51	9	20	17	31	0	31	29	94	24	53	71	21	54	36	34	4	58	26	34	84	24	40	36	15	91	72	33	55	69	58	41	52	33	63	11	71	7	90	42	88	54	27	69	79	25
61	43	48	28	56	25	84	34	46	83	0	51	28	1	54	29	62	77	77	80	80	41	67	4	16	36	49	87	79	39	69	92	94	18	81	22	49	77	38	46	59	82	69	1	71	69	4	84	58	90
78	99	62	63	38	37	12	12	12	84	8	0	18	44	10	50	23	79	64	58	59	61	81	7	79	78	86	74	28	68	37	75	76	73	55	33	98	94	27	9	83	92	81	86	83	41	63	90	66	20
72	80	16	5	39	51	86	99	39	29	21	9	0	86	46	83	46	46	39	59	38	63	86	35	56	89	2	55	87	69	31	7	36	3	31	9	8	97	27	74	25	97	64	89	64	14	16	31	30	34
13	2	94	64	88	73	68	26	77	44	84	26	99	0	74	13	68	13	43	36	71	36	35	44	8	50	68	50	84	47	9	12	35	78	31	19	86	24	24	96	15	79	60	12	13	39	69	87	39	19
69	79	5	42	77	52	24	96	88	59	45	13	77	29	0	24	48	93	89	17	62	33	11	89	10	8	23	95	6	60	47	45	31	83	56	76	75	35	43	9	50	76	60	27	2	67	69	34	23	85
14	72	41	67	80	91	11	82	51	20	70	89	33	72	19	0	28	13	96	28	59	13	31	97	54	96	41	16	78	75	56	93	44	24	9	59	14	78	70	64	81	6	15	18	66	35	66	44	87	20
10	56	21	60	70	65	37	91	85	73	81	38	38	38	54	79	0	9	81	80	79	81	90	92	69	93	46	72	96	28	55	96	74	92	82	14	85	10	18	39	43	38	5	19	2	85	27	46	67	92
36	93	57	88	49	2	5	50	69	59	14	18	88	31	2	55	90	0	51	88	44	59	66	25	59	54	2	61	62	16	94	99	10	14	2	88	66	38	88	49	63	13	48	31	54	73	14	52	39	30
63	72	74	33	22	89	94	80	11	63	92	53	20	15	44	71	73	54	0	91	95	28	19	93	18	31	46	13	24	13	3	19	15	7	42	10	22	4	64	71	57	98	7	53	72	87	80	13	29	96
32	55	97	91	4	84	40	71	9	26	46	42	59	4	20	53	3	65	45	0	6	54	98	70	89	42	83	99	8	88	65	71	80	5	51	60	45	71	61	48	1	19	86	35	60	51	34	89	97	61
67	64	16	40	69	22	74	69	77	48	39	57	82	47	54	56	83	39	49	67	0	35	26	22	30	43	73	70	36	83	27	53	28	48	77	19	79	58	27	17	43	88	22	81	32	80	67	67	69	62
26	61	12	95	68	10	46	3	32	22	96	57	2	56	13	46	25	94	6	26	14	0	50	67	28	11	81	84	7	9	88	31	8	55	34	2	20	88	7	21	30	74	10	45	96	49	59	27	12	82
16	31	11	27	79	98	64	97	32	15	42	13	9	30	47	98	13	12	63	12	26	63	0	48	50	73	17	71	64	40	85	98	68	54	42	39	23	76	44	24	50	71	48	98	83	39	55	15	67	42
92	67	76	53	30	36	99	98	76	88	11	92	4	72	36	74	2	16	73	87	63	91	30	0	80	34	25	89	9	97	52	12	59	70	55	37	42	33	33	50	16	13	83	13	34	96	3	81	37	52
32	63	26	68	9	84	89	53	98	63	70	49	11	20	96	50	33	59	18	33	36	20	99	43	0	29	61	98	84	69	37	97	10	58	92	78	21	75	50	70	10	31	3	93	6	48	21	84	11	88
27	74	44	96	16	73	11	27	9	44	85	60	77	8	66	52	74	97	34	49	53	43	34	68	67	0	71	61	31	81	45	11	94	34	79	30	29	33	2	85	13	74	47	23	68	13	15	94	50	37
12	74	47	10	71	85	87	81	15	14	32	8	98	82	6	90	67	8	1	57	96	63	57	39	5	19	0	98	95	58	40	73	22	16	59	40	23	63	48	97	36	56	61	34	46	58	35	57	21	44
45	40	62	16	66	60	49	34	97	60	14	78	26	25	84	75	57	61	87	76	33	43	83	49	6	25	80	0	36	57	71	62	86	61	31	11	62	45	57	16	73	85	71	97	5	52	92	95	28	88
99	85	8	77	99	40	65	48	4	34	35	10	50	66	42	28	18	54	81	75	16	11	81	11	59	15	67	94	0	44	37	80	25	1	88	5	46	75	87	98	91	74	69	56	33	79	98	26	68	1
35	68	58	35	74	34	2	56	72	87	7	33	9	9	89	70	57	56	30	13	70	62	42	49	89	95	44	27	40	0	27	55	37	82	60	25	49	8	32	90	5	18	84	18	93	22	62	58	69	42
1	47	84	98	90	5	50	33	44	35	45	84	2	15	45	16	42	31	23	77	94	9	55	34	72	34	44	3	57	57	0	20	79	17	39	99	46	36	89	4	81	88	75	68	40	79	25	98	44	41
56	55	14	59	90	63	47	59	38	83	91	82	63	99	99	33	79	97	48	75	6	49	53	10	11	12	29	57	14	28	63	0	32	12	77	12	87	72	95	20	50	88	96	42	95	9	43	19	20	62
51	9	3	64	28	6	85	64	76	86	5	63	25	61	36	32	54	29	57	89	25	54	44	22	49	23	27	72	45	42	95	13	0	65	91	32	78	92	36	88	33	44	63	60	4	36	13	16	79	81
88	70	81	31	92	37	50	89	16	74	88	57	65	23	81	79	27	99	61	3	80	84	95	80	25	33	19	67	81	82	42	89	76	0	47	88	4	15	18	61	50	18	8	40	88	72	9	45	64	9
61	31	27	14	38	2	35	48	2	45	81	23	91	34	42	44	28	52	38	40	73	22	46	39	66	65	7	37	7	6	23	93	91	4	0	40	50	7	80	37	26	18	67	98	78	43	98	33	6	74
16	40	29	84	74	73	4	60	49	35	20	16	93	93	5	89	98	24	43	44	38	1	65	1	26	99	80	84	4	91	40	67	26	21	77	0	27	36	13	51	70	32	58	73	78	66	46	27	69	37
71	84	99	55	23	87	41	10	20	49	7	42	78	90	9	26	99	23	71	2	28	33	46	5	15	37	84	6	81	10	69	40	80	6	16	91	0	83	25	99	59	55	94	47	38	87	63	21	67	6
41	86	45	65	17	10	8	6	42	69	22	36	68	45	33	57	78	35	80	43	28	7	68	55	15	86	37	46	30	47	96	73	48	33	12	51	83	0	52	37	84	5	11	50	78	80	76	40	17	10
89	35	49	59	64	82	32	99	53	14	12	26	49	66	46	95	68	29	98	27	34	37	67	33	36	54	8	87	60	89	80	50	11	43	28	95	45	95	0	54	25	19	70	79	49	10	30	74	78	47
96	2	57	88	5	24	25	13	23	60	96	15	9	79	86	23	68	90	28	89	57	45	57	3	34	72	64	33	40	19	28	15	92	37	95	17	87	86	64	0	59	72	99	76	78	28	51	45	48	52
30	61	10	65	89	51	67	57	50	96	42	54	44	16	17	71	65	80	91	86	40	27	35	45	27	63	10	78	41	92	2	13	23	14	90	70	30	52	21	23	0	2	39	80	29	27	52	90	65	29
62	56	53	31	76	47	9	74	53	87	94	2	33	95	44	29	19	83	76	63	91	19	37	51	46	14	23	48	85	71	80	53	7	24	89	62	65	46	59	7	11	0	13	10	95	11	35	18	89	25
11	37	48	92	59	34	56	38	27	96	97	5	86	3	47	91	76	52	95	36	30	20	22	61	5	61	92	8	24	80	29	91	68	56	99	68	87	73	5	97	23	14	0	75	38	63	90	1	12	69
46	48	19	40	38	49	94	2	87	67	46	58	56	55	94	19	91	88	17	92	42	19	72	28	36	84	51	20	82	88	74	27	29	96	33	64	89	54	66	66	26	6	88	0	31	46	59	24	96	52
46	28	10	54	53	74	87	29	41	50	71	92	67	99	42	10	76	89	36	75	32	95	78	19	1	33	30	27	14	82	6	97	61	81	21	50	95	78	67	60	65	78	29	11	0	76	24	79	51	78
85	33	25	11	64	39	9	52	20	39	53	75	88	22	40	78	45	50	95	67	26	54	98	85	21	99	5	39	96	75	64	53	9	78	92	54	19	69	40	67	27	36	53	81	71	0	89	43	4	74
69	83	21	19	54	12	41	1	82	17	60	80	34	14	9	34	41	59	55	70	12	57	64	71	95	36	54	79	24	21	96	16	94	34	43	26	94	73	75	77	75	68	27	55	32	15	0	11	28	35
34	42	93	27	9	64	10	85	83	98	70	12	40	78	4	88	93	51	79	21	56	41	54	70	55	11	10	15	34	81	45	21	50	75	29	97	44	1	37	72	56	1	19	9	18	25	63	0	57	36
98	74	3	33	98	69	53	50	66	51	98	91	4	28	2	70	48	77	27	12	13	88	14	90	33	13	42	25	72	6	53	58	68	71	26	82	17	4	8	5	28	1	70	57	15	9	28	80	0	86
7	37	64	47	38	65	99	45	53	7	82	13	35	75	88	79	94	99	80	71	73	11	44	16	89	85	52	13	11	96	95	48	49	71	55	59	96	78	72	75	56	70	62	97	40	65	77	80	32	0
M1
0	51	7	47	37	36	71	33	67	73	50	52	43	46	57	25	98	94	40	11	16	98	76	41	52	71	88	34	3	12	6	55	36	31	43	34	89	52	66	63	95	29	76	44	7	63	32	42	15	88
75	0	74	88	66	53	44	84	16	37	90	91	48	78	20	23	7	70	33	67	22	83	75	50	23	8	60	88	79	14	56	20	58	20	26	43	19	24	67	12	83	36	89	65	54	28	22	73	67	73
51	43	0	5	57	18	22	91	71	28	68	71	23	57	4	29	31	54	48	86	81	79	7	21	63	14	70	53	13	43	31	24	38	4	32	55	96	27	14	43	48	34	12	60	8	67	16	44	73	52
12	97	2	0	29	54	47	49	3	44	15	18	97	5	6	50	13	85	23	86	16	46	57	68	21	75	15	40	43	72	69	7	22	81	73	31	48	56	52	77	53	12	55	55	32	67	62	99	11	95
52	89	85	49	0	82	15	91	4	46	21	73	53	90	97	73	42	33	95	54	26	93	79	23	88	33	64	28	54	64	76	35	92	83	45	17	69	39	23	4	32	13	77	77	1	13	12	23	20	87
97	43	91	3	42	0	23	76	54	10	95	68	3	72	32	46	54	67	74	69	16	77	74	81	17	62	12	24	61	16	96	79	45	17	97	95	77	2	25	69	70	82	82	72	89	80	57	64	92	50
7	21	72	17	80	65	0	9	56	61	94	84	79	28	22	12	8	80	95	89	46	58	48	76	2	65	95	56	95	71	95	26	60	43	14	40	29	53	85	80	64	46	47	48	73	58	91	83	2	38
61	78	15	9	83	15	11	0	56	32	53	15	44	26	76	43	95	51	19	55	83	31	72	21	19	83	38	70	35	68	57	8	1	77	55	99	22	37	71	82	98	37	54	36	54	82	60	21	61	49
80	87	21	81	68	84	65	66	0	62	43	15	74	20	10	80	42	2	43	98	56	79	13	69	32	50	58	86	30	89	92	20	38	65	70	69	7	97	42	4	24	49	68	63	67	58	71	72	70	68
41	1	79	15	28	77	3	54	82	0	35	71	71	31	30	64	84	97	93	62	36	6	83	47	45	21	52	46	50	29	53	86	77	39	44	33	2	78	66	97	1	12	99	50	10	88	38	84	21	17
16	96	4	15	89	94	20	81	61	49	0	73	96	85	32	20	33	7	34	7	41	10	30	41	51	90	49	1	93	70	73	27	27	17	44	65	35	39	84	60	30	78	52	97	67	12	63	60	74	20
86	44	20	17	77	50	6	24	88	40	50	0	38	17	24	78	32	29	34	59	79	3	77	46	99	71	89	9	58	48	29	63	76	86	72	47	27	80	22	83	24	30	15	39	32	17	6	70	57	66
64	6	94	95	97	15	28	61	10	63	34	69	0	30	51	25	16	95	77	16	45	70	92	23	70	10	19	28	87	35	58	46	59	58	21	98	77	72	20	74	16	15	53	32	25	36	43	72	47	62
97	87	40	30	44	62	50	5	22	85	58	45	46	0	10	97	62	75	39	23	71	48	58	68	57	76	25	26	91	93	84	41	68	16	83	1	55	49	88	46	72	61	45	73	40	90	16	64	69	69
97	74	83	87	7	89	84	6	72	97	10	11	82	50	0	52	69	73	22	23	23	58	74	84	22	31	89	93	97	91	28	17	27	86	35	21	28	54	92	38	92	14	78	75	52	47	12	99	22	63
67	27	80	35	91	6	69	49	77	50	29	21	48	87	1	0	53	74	12	59	43	25	57	63	71	23	42	28	17	56	41	64	91	61	84	37	90	91	96	43	89	24	25	93	46	74	10	67	75	24
10	74	25	78	75	23	53	98	36	1	87	1	53	12	27	94	0	31	13	3	8	14	60	25	27	3	55	66	41	57	34	65	82	84	68	56	79	20	50	47	86	52	83	14	51	56	8	74	21	22
27	60	13	7	15	11	1	38	28	41	76	48	31	69	9	28	35	0	4	95	15	3	25	81	54	40	7	4	16	22	68	57	36	99	57	20	24	77	84	73	57	76	84	95	46	16	62	29	52	74
41	33	79	14	40	94	80	87	35	43	45	52	79	85	70	56	95	78	0	6	93	67	85	56	18	70	3	61	73	56	31	89	82	50	38	29	93	31	49	35	94	27	44	2	19	8	53	40	20	87
78	90	86	62	94	1	23	30	91	49	16	93	69	93	60	20	93	72	28	0	18	82	94	79	67	69	85	73	88	69	85	17	50	49	10	56	56	68	29	10	53	44	9	79	50	59	35	12	47	25
15	81	2	46	7	15	98	70	47	90	88	8	63	75	10	59	91	79	18	92	0	45	51	84	32	84	29	35	83	9	38	38	93	57	91	70	8	88	21	23	88	77	73	10	7	51	24	1	16	59
10	1	63	29	69	31	16	69	55	90	86	28	45	5	2	95	75	91	45	26	74	0	97	53	15	50	82	68	49	94	63	64	31	74	38	94	26	41	53	45	97	75	88	77	25	40	67	89	20	27
16	54	78	99	39	85	45	78	74	60	76	19	49	89	21	81	49	11	55	92	72	60	0	51	34	39	30	56	30	55	38	18	14	78	41	72	74	22	92	94	38	83	12	71	31	15	17	37	14	33
53	5	2	67	86	56	1	80	81	95	26	5	64	69	82	95	30	7	27	77	71	39	39	0	41	17	93	66	24	10	84	28	74	74	32	96	72	42	85	73	85	33	37	38	59	27	53	56	67	55
50	39	95	9	97	17	12	34	23	61	52	70	63	62	38	45	67	61	81	33	55	75	61	51	0	95	80	71	23	40	32	76	68	42	42	25	80	35	33	91	87	60	56	78	39	67	28	74	45	8
27	47	54	28	56	44	64	8	65	99	88	98	87	88	34	90	19	69	50	61	76	11	62	26	90	0	91	97	86	15	14	72	25	77	77	90	13	93	7	66	28	12	13	98	92	74	50	29	76	6
93	72	33	62	33	9	61	6	89	66	9	86	71	37	57	49	41	13	61	90	52	15	33	35	85	67	0	78	21	93	47	48	88	17	89	49	31	52	43	26	45	74	2	13	86	45	64	14	31	61
85	73	76	18	32	19	55	2	47	10	32	33	94	26	6	20	34	58	51	97	43	3	54	59	3	75	33	0	15	90	77	60	22	59	92	8	73	4	3	92	51	32	37	89	64	91	2	48	39	25
49	19	30	52	93	78	63	7	68	21	43	70	96	28	62	73	7	68	22	79	21	69	33	52	4	53	67	73	0	35	55	67	73	61	53	43	76	19	67	16	89	58	21	76	69	92	76	82	58	51
67	96	73	30	10	55	78	48	56	4	88	57	22	59	77	74	4	63	87	23	69	51	64	8	83	43	69	57	99	0	38	33	6	41	68	64	10	39	30	20	7	12	19	99	70	90	23	26	17	44
51	21	67	36	12	87	73	32	54	64	51	42	43	4	95	51	36	92	56	84	80	25	10	7	41	83	45	60	27	96	0	61	75	98	74	36	20	51	50	9	67	5	63	8	2	68	67	90	88	34
65	88	74	38	82	80	6	80	31	25	75	96	53	26	25	30	12	32	75	26	85	62	68	72	88	29	27	44	10	6	67	0	30	53	44	38	38	17	41	51	30	48	20	37	16	53	74	47	4	61
78	58	4	64	75	89	15	78	85	17	58	6	4	31	21	89	83	8	28	95	9	59	67	52	15	96	27	39	15	22	12	13	0	20	26	59	97	89	61	77	83	22	23	56	19	90	48	41	73	84
16	60	23	92	25	51	77	61	54	28	45	1	58	75	23	21	37	74	33	36	92	83	68	50	49	40	2	16	14	54	66	46	98	0	96	42	1	19	23	70	83	65	75	93	31	87	53	10	65	53
40	60	46	65	42	14	55	50	71	96	78	51	58	95	89	91	6	37	34	89	8	92	74	35	85	95	52	72	33	57	58	36	53	7	0	44	42	45	11	89	32	68	34	21	8	84	52	54	33	65
30	91	60	13	20	98	21	30	52	52	97	37	13	25	48	20	38	49	59	65	67	77	51	9	34	29	59	95	88	1	61	59	80	64	31	0	29	40	89	31	39	52	67	78	20	88	12	56	55	61
77	32	61	6	13	19	25	7	36	8	88	26	10	19	80	88	41	79	29	58	52	25	2	74	77	54	70	60	83	27	78	19	39	49	70	61	0	62	95	10	49	22	80	91	45	81	47	30	95	5
60	68	91	62	15	63	86	9	91	8	67	27	27	21	96	40	77	17	82	58	92	15	48	8	33	67	93	38	90	14	77	34	2	87	70	62	64	0	28	46	33	83	85	14	48	28	18	16	81	62
5	34	8	76	45	81	63	47	10	82	21	94	50	53	2	13	7	41	70	87	57	97	65	49	89	66	73	1	15	39	59	23	22	92	86	60	68	14	0	4	30	47	86	91	8	62	77	79	74	31
63	71	51	70	76	68	36	40	59	51	19	64	67	67	55	40	50	39	12	7	98	86	17	38	44	34	77	80	46	29	49	48	12	21	74	45	6	48	17	0	87	85	48	56	27	39	90	33	13	13
82	51	42	80	18	68	78	58	48	54	45	95	12	71	26	72	46	25	16	1	58	89	16	8	52	88	71	35	12	7	76	1	4	47	13	90	47	73	91	96	0	59	90	4	96	83	55	20	47	43
25	76	61	96	81	44	49	71	94	73	73	11	2	50	46	59	22	17	52	70	44	37	90	10	39	11	63	92	90	64	54	79	46	77	79	5	45	22	97	34	54	0	17	10	58	21	36	98	76	49
7	75	27	23	7	35	62	56	29	46	85	42	78	21	91	14	27	35	71	59	31	5	88	46	93	41	23	45	18	20	52	53	97	59	4	76	25	88	1	97	30	38	0	5	54	62	92	88	3	91
97	32	29	87	88	4	55	4	3	70	29	65	84	55	13	57	92	32	98	49	75	31	22	91	66	84	46	1	28	47	41	94	25	63	87	41	28	69	63	53	68	57	5	0	28	84	22	53	16	53
87	11	68	82	76	89	98	1	58	13	61	97	16	8	19	64	89	92	73	68	95	56	58	52	39	83	40	24	63	55	57	10	93	59	6	61	80	59	48	50	52	28	93	88	0	15	32	5	53	82
31	96	18	11	23	42	7	65	49	16	20	56	51	27	16	17	18	18	27	11	96	39	60	87	39	29	1	30	97	49	16	54	13	59	49	67	50	34	23	81	65	55	6	50	22	0	25	17	69	86
91	60	51	65	83	18	84	72	84	49	23	36	7	67	67	78	40	98	33	29	74	31	27	70	41	27	65	4	12	48	10	92	49	4	7	30	96	47	53	30	56	61	23	35	92	12	0	26	90	53
66	2	51	9	1	38	79	36	44	89	81	4	32	40	88	44	65	5	60	7	14	5	91	27	80	29	29	75	41	81	43	43	18	82	10	91	42	45	84	88	33	85	92	76	80	10	54	0	64	18
91	24	44	19	40	11	60	63	11	7	85	37	30	53	87	81	7	99	85	1	74	54	30	80	80	26	62	94	13	97	28	95	33	92	51	7	59	21	3	79	11	10	10	71	13	65	98	51	0	28
17	59	65	47	34	70	89	77	23	51	65	87	50	88	98	17	37	76	57	56	29	82	15	38	27	92	3	16	51	21	82	17	61	90	60	81	45	9	78	46	74	92	72	18	71	30	91	50	33	0
M2
0	76	91	21	20	13	67	74	3	35	79	72	9	29	97	66	30	65	52	88	85	22	75	29	26	92	83	35	48	72	3	59	54	16	69	37	57	89	49	70	32	97	42	60	61	33	80	88	27	77
43	0	75	31	71	27	35	72	14	56	14	93	65	23	93	79	66	88	86	76	89	88	49	59	99	15	99	61	76	80	17	52	27	77	46	32	3	92	49	59	79	37	73	45	93	9	21	84	8	86
43	94	0	73	25	2	83	15	16	61	85	34	11	6	11	24	37	97	17	41	43	22	85	69	62	80	70	72	81	30	52	29	41	78	1	85	15	90	53	78	49	57	38	13	50	27	10	83	43	24
90	97	66	0	76	3	20	56	46	61	52	25	29	62	25	66	58	64	50	26	49	70	81	10	46	49	54	37	76	55	32	55	13	33	65	64	5	10	27	32	25	36	15	85	47	98	98	18	44	29
79	42	79	85	0	71	80	33	76	31	79	67	57	1	73	50	2	19	51	70	62	44	93	21	41	74	78	34	46	62	90	92	15	62	60	54	4	57	33	65	5	51	45	34	26	30	35	13	32	17
56	7	63	80	32	0	79	47	79	78	59	91	35	15	55	20	76	91	19	79	3	30	38	43	53	67	31	72	67	20	77	35	99	24	18	69	7	28	93	54	11	27	14	22	43	65	79	19	76	61
86	22	31	22	92	28	0	9	45	35	12	70	42	14	95	93	10	77	89	48	52	99	87	82	28	8	26	21	51	9	62	5	9	40	86	23	47	13	25	22	40	41	58	1	57	86	80	3	85	31
81	88	64	81	97	39	50	0	70	96	12	24	80	76	84	88	36	86	15	35	29	22	32	76	65	29	30	61	55	28	19	37	90	56	72	11	67	63	60	26	54	26	66	71	27	64	20	66	97	81
5	4	18	36	9	44	43	42	0	38	87	78	56	13	64	44	77	97	30	30	90	58	53	30	7	41	22	78	9	2	24	22	85	45	58	99	11	55	98	31	18	13	9	5	58	40	80	45	59	22
48	88	9	77	91	89	35	4	44	0	58	64	1	58	72	63	48	96	42	16	7	55	6	77	47	36	82	4	40	13	20	65	62	80	8	77	95	66	45	10	27	43	84	65	71	77	85	31	83	2
55	47	34	98	65	44	45	21	52	40	0	31	3	64	15	90	31	95	80	23	66	29	28	92	64	73	21	50	6	67	57	78	48	97	28	38	72	26	42	17	53	52	90	19	8	44	75	38	92	9
30	2	45	92	91	90	92	33	19	59	81	0	95	61	18	99	71	8	52	88	27	98	80	61	14	55	89	95	96	68	95	49	45	62	10	20	10	1	18	51	69	22	99	55	15	14	45	8	23	62
45	20	25	40	62	14	66	9	12	51	28	64	0	8	72	51	42	53	70	73	60	78	3	83	68	57	94	43	37	60	14	47	93	17	5	98	96	96	18	31	7	38	71	16	87	81	21	18	61	76
43	97	74	86	49	69	76	1	78	68	7	22	47	0	81	32	99	45	47	98	24	20	27	75	4	70	8	13	76	46	81	35	51	47	16	50	62	31	20	37	82	2	47	47	47	27	9	32	59	9
88	78	95	5	68	24	25	72	21	66	15	86	21	10	0	86	55	81	95	34	29	20	21	35	71	8	37	9	62	59	76	95	25	63	70	67	97	64	33	4	18	44	27	74	70	66	54	21	6	70
21	38	59	52	73	76	10	49	4	40	51	7	73	38	87	0	30	10	5	60	18	62	23	61	36	24	90	13	86	65	29	98	76	37	18	82	93	17	6	53	39	28	30	78	70	58	52	56	69	34
81	95	31	47	48	71	25	38	57	22	99	68	14	2	15	57	0	27	94	17	50	6	52	17	43	27	20	15	94	35	52	80	81	77	46	95	2	29	29	10	3	26	90	69	12	17	42	20	95	23
31	87	49	41	71	91	32	36	41	52	68	16	63	85	92	82	90	0	5	12	97	32	59	2	6	5	3	73	7	15	50	68	75	68	70	66	61	88	42	30	20	94	35	96	57	40	25	9	91	51
42	45	68	89	15	72	64	37	52	56	88	76	78	92	58	19	24	30	0	96	96	20	22	99	23	66	20	54	96	58	74	10	84	89	43	38	28	85	1	27	49	18	90	99	50	4	87	56	37	1
45	61	2	44	49	55	59	92	7	37	12	68	33	49	88	23	24	86	83	0	51	26	74	92	42	32	9	22	41	73	58	15	49	93	51	25	5	98	22	23	4	51	64	30	57	31	30	1	14	83
78	11	63	39	50	7	15	63	20	40	27	74	63	83	15	34	47	1	63	14	0	95	24	36	75	31	55	47	18	78	96	30	91	58	75	42	82	50	23	69	95	65	20	21	13	79	14	36	2	10
77	51	87	27	62	73	27	64	61	78	42	31	91	31	98	55	58	79	50	31	58	0	86	63	17	38	97	14	20	15	49	7	84	18	69	63	27	25	43	80	24	81	17	55	31	39	77	29	81	54
36	85	8	21	91	30	72	38	57	5	8	35	82	39	99	99	88	37	63	89	16	36	0	1	16	43	10	29	32	20	82	29	72	45	87	51	7	53	85	67	25	18	15	72	62	62	63	65	14	52
57	62	22	12	22	21	27	62	60	84	4	8	39	77	35	8	4	91	2	89	44	67	70	0	16	73	52	23	9	19	76	63	72	23	7	76	93	92	42	42	95	62	64	23	83	51	85	80	96	35
17	80	59	49	72	7	13	12	91	83	39	24	8	69	32	84	39	98	69	28	54	53	89	73	0	43	3	86	52	95	58	54	31	70	8	69	69	15	34	85	63	45	47	63	74	19	64	82	45	56
21	92	35	83	15	8	52	3	90	50	48	34	35	94	96	57	34	72	1	59	14	35	63	73	59	0	89	40	52	94	49	57	18	66	64	48	83	46	34	60	33	75	5	23	9	88	1	86	37	4
64	64	3	72	80	47	46	2	19	68	31	23	24	28	37	46	28	28	44	32	74	59	33	84	73	38	0	11	13	26	5	29	46	87	9	77	99	62	54	40	97	48	82	65	23	71	13	86	60	73
60	88	20	53	12	8	84	77	31	14	15	95	12	10	82	29	11	45	52	40	23	40	7	71	85	43	85	0	26	22	96	97	35	59	70	20	16	84	71	81	32	15	75	16	3	16	13	21	23	70
4	47	95	93	38	30	75	52	39	13	92	14	57	39	95	65	77	8	29	43	44	19	47	80	35	52	12	77	0	31	59	47	17	80	67	29	11	34	6	43	37	8	23	45	2	12	50	79	44	30
25	78	56	57	81	29	95	14	72	59	10	15	86	24	5	39	60	61	17	38	14	54	69	89	47	29	47	66	89	0	57	89	82	74	71	94	46	91	78	2	19	40	49	76	70	76	23	16	72	36
35	57	63	69	82	58	6	32	59	67	81	1	46	22	20	23	33	29	55	10	92	21	38	34	58	93	65	96	58	58	0	9	69	13	81	36	30	96	85	60	35	23	26	76	20	9	85	62	5	12
32	39	39	62	49	40	44	31	28	21	99	89	65	9	99	75	36	86	90	60	11	40	32	75	43	29	71	50	54	59	13	0	74	78	57	19	76	59	80	77	84	97	20	30	21	98	65	30	25	72
55	86	35	71	16	10	42	87	74	67	25	28	96	10	9	46	77	27	16	2	95	54	6	74	1	20	3	47	5	28	86	42	0	87	89	74	80	40	71	22	80	5	10	28	32	92	19	23	10	77
82	59	3	5	7	51	79	59	91	30	24	84	23	2	98	40	15	30	27	49	31	80	93	71	90	6	20	95	28	46	51	39	42	0	78	65	9	83	47	85	52	54	44	69	97	12	35	98	75	12
46	77	60	19	55	52	83	89	43	69	89	89	25	50	55	2	43	67	93	47	92	19	90	9	30	52	66	54	69	95	63	71	66	74	0	76	79	53	32	7	74	76	86	89	20	31	89	26	97	17
67	27	73	54	55	44	43	20	65	50	71	9	51	82	24	24	38	80	71	54	60	64	6	83	4	45	99	51	53	57	4	58	96	59	51	0	71	23	42	36	90	30	38	52	78	22	21	39	53	63
40	66	5	15	40	30	88	80	36	72	96	26	65	32	22	64	23	87	51	1	70	54	63	92	53	47	23	71	70	24	79	24	4	50	24	28	0	72	83	61	1	78	47	96	95	72	37	57	56	36
97	72	22	72	52	5	27	50	73	7	62	33	25	26	66	6	24	1	80	59	91	16	77	19	96	3	51	10	9	10	35	95	16	85	67	49	76	0	29	33	19	9	16	57	20	28	10	19	60	1
94	6	56	69	14	48	36	58	82	81	16	78	19	40	85	87	9	72	60	61	92	38	78	97	56	24	48	59	44	82	65	11	35	89	76	20	59	78	0	44	30	30	79	38	16	21	84	68	73	32
23	23	29	99	95	85	48	53	30	43	82	37	35	3	94	22	69	90	36	5	60	86	79	54	39	29	29	46	63	91	48	15	56	12	91	97	84	25	32	0	54	44	37	1	91	33	36	10	25	32
28	98	45	12	43	34	87	53	51	66	21	42	87	1	88	60	60	51	80	12	18	83	24	36	71	57	8	9	13	27	85	17	75	80	22	76	25	86	82	20	0	75	14	67	68	66	32	53	78	58
97	88	11	15	5	51	80	94	31	79	69	60	31	13	18	76	40	22	27	75	94	10	37	78	97	2	62	26	60	79	99	54	11	5	40	4	58	42	48	64	44	0	95	99	91	20	88	75	35	26
77	60	71	78	62	4	46	83	37	23	45	17	10	70	55	57	59	86	99	72	25	17	44	56	41	62	3	7	65	84	10	76	66	1	22	24	52	21	72	74	78	25	0	83	44	54	84	24	96	28
62	56	39	47	62	7	65	96	94	71	19	64	92	19	20	10	1	70	79	14	92	56	15	32	20	86	4	94	88	82	75	30	8	55	15	77	63	31	9	36	11	57	96	0	76	96	38	70	77	36
90	58	1	21	9	84	92	34	81	66	84	82	12	28	32	87	15	19	4	99	6	64	33	4	4	94	65	45	2	34	81	12	91	38	84	14	46	7	56	74	78	20	46	15	0	48	79	44	94	83
37	35	54	27	46	51	39	39	82	62	40	99	6	81	58	14	60	61	78	92	40	10	20	68	66	71	87	86	44	23	48	43	17	1	9	97	10	52	62	70	43	71	32	82	67	0	80	32	30	29
44	23	80	85	38	30	29	19	24	53	80	25	70	92	9	71	50	48	28	49	93	94	89	73	66	27	56	92	29	19	48	15	67	57	49	80	21	37	18	8	36	18	41	13	33	1	0	29	75	53
59	39	97	26	33	73	85	89	78	86	42	20	27	6	51	87	95	49	3	32	53	75	77	14	37	37	89	3	71	83	70	98	31	56	26	98	51	77	4	55	95	94	66	93	93	76	35	0	78	49
34	68	42	64	27	82	30	19	93	24	18	30	85	61	98	50	15	45	52	1	42	68	48	35	62	5	36	83	63	28	36	36	67	33	15	36	77	96	29	22	96	76	61	27	82	17	83	10	0	57
7	26	8	91	32	22	8	27	86	77	85	6	57	76	70	22	91	14	7	19	5	25	57	88	94	60	41	53	69	4	2	34	99	53	75	32	62	2	74	85	28	93	17	73	10	35	71	75	77	0
M3
0	91	95	21	6	4	88	67	16	88	78	9	15	31	20	3	50	61	85	52	40	83	50	90	38	6	21	69	42	69	59	17	63	2	94	41	14	20	28	92	66	66	68	94	16	57	61	30	28	75
94	0	22	62	32	99	55	11	79	66	29	70	55	55	39	62	89	74	16	55	99	43	78	61	55	71	87	95	93	21	89	38	14	35	97	38	83	37	47	32	27	50	23	76	90	82	46	23	97	81
66	74	0	39	49	99	6	66	69	97	43	72	99	62	26	91	18	16	90	43	33	94	75	6	94	51	8	92	65	48	37	62	39	97	24	5	17	86	91	54	76	69	13	47	96	38	75	18	29	96
58	88	5	0	83	3	18	49	50	73	98	31	63	33	17	47	94	75	32	65	28	3	19	27	76	21	89	15	15	12	97	31	42	93	65	25	55	68	11	91	84	47	66	6	17	78	88	82	27	13
28	66	71	10	0	5	87	30	49	93	57	95	96	32	65	40	60	90	16	12	11	78	22	57	68	75	19	45	80	1	97	47	33	70	43	21	73	4	49	70	41	73	29	95	32	17	46	56	41	52
51	11	62	58	70	0	99	38	24	3	86	86	71	21	88	49	7	71	39	45	51	27	71	8	61	36	33	57	43	67	44	28	8	57	69	41	34	92	77	23	31	88	93	80	15	60	71	87	54	78
46	61	28	67	42	22	0	12	86	39	54	96	97	37	29	85	12	61	55	35	70	89	53	35	11	22	86	40	96	94	86	2	40	21	51	62	39	20	21	99	91	47	40	59	83	52	67	83	42	18
3	35	14	68	24	96	5	0	38	69	51	90	42	2	8	87	97	31	24	40	79	6	21	62	4	73	9	47	88	79	69	31	30	69	54	56	76	93	95	8	13	31	47	76	79	1	99	3	72	8
32	93	26	43	88	10	59	51	0	16	87	30	15	83	8	44	32	57	61	11	83	31	57	29	12	24	68	55	66	78	17	94	74	47	50	97	61	38	51	74	9	50	80	40	38	34	58	67	53	53
17	3	81	25	95	75	93	70	53	0	3	94	12	15	73	17	79	85	65	54	27	99	15	22	73	77	68	27	2	16	61	88	99	37	14	37	18	63	46	95	74	97	36	95	41	33	78	8	80	5
34	79	30	74	58	6	43	8	45	74	0	35	69	47	78	95	65	40	66	70	4	48	76	15	44	51	94	74	58	32	10	48	36	40	60	43	94	86	12	14	76	85	87	54	55	5	57	87	68	9
47	64	61	91	34	69	10	30	30	93	30	0	18	72	28	37	53	80	84	80	91	32	35	66	84	86	51	63	69	43	68	41	81	23	2	83	96	5	9	89	35	54	48	39	76	38	9	89	75	91
88	54	70	99	49	34	22	6	84	36	37	48	0	73	5	53	1	5	19	92	64	99	56	12	34	59	27	6	34	24	5	43	7	16	40	31	83	97	15	61	94	87	66	59	69	84	8	49	50	15
15	13	28	4	58	89	50	19	87	63	81	54	18	0	23	4	41	63	87	94	14	22	45	16	60	97	46	96	30	24	29	9	95	25	2	50	80	20	78	97	88	67	62	85	24	90	17	25	63	51
62	79	29	41	4	45	74	27	65	5	81	54	85	72	0	30	99	10	24	80	42	74	85	99	61	74	43	4	14	58	76	2	31	84	27	67	39	47	73	73	2	43	62	58	27	44	7	22	95	95
80	52	4	53	35	54	20	29	41	9	3	14	29	92	34	0	92	64	50	55	68	8	67	21	62	23	23	94	62	39	93	66	28	91	41	58	76	85	25	41	14	53	1	98	82	16	96	90	32	55
93	9	43	65	41	36	64	31	84	40	31	59	89	71	79	67	0	82	37	84	86	54	77	74	43	85	72	97	36	92	35	57	7	9	93	32	79	46	48	50	19	96	69	73	23	74	68	33	58	14
47	5	4	56	32	14	64	15	18	23	51	78	3	28	60	3	79	0	76	97	7	12	74	12	58	16	46	50	33	18	78	50	62	74	45	17	14	60	92	58	85	58	56	88	76	28	14	2	77	16
1	81	15	33	52	18	15	40	39	24	70	82	15	72	52	78	96	18	0	80	66	29	56	40	42	29	39	25	51	91	50	29	25	13	5	37	68	57	40	55	29	73	92	11	25	47	91	6	96	32
15	81	11	1	77	66	44	4	56	84	9	47	68	52	9	3	58	5	26	0	19	66	15	96	4	66	1	12	89	12	36	42	11	29	9	1	41	32	95	65	76	59	36	44	71	55	33	43	44	45
25	66	27	76	75	83	18	22	6	10	62	78	54	7	69	96	30	97	42	18	0	8	35	78	31	80	99	66	51	56	82	92	83	70	2	25	37	60	54	37	98	11	85	95	76	66	57	33	65	77
14	54	21	26	9	68	18	40	18	38	34	99	56	87	3	86	94	19	5	43	3	0	14	1	25	11	26	26	74	36	5	1	58	15	85	19	18	66	43	30	55	45	4	20	37	73	50	50	90	59
69	27	39	50	34	95	72	56	98	91	74	64	74	78	47	15	2	76	98	17	30	44	0	88	30	87	67	37	15	84	85	67	64	96	37	11	41	17	16	2	95	66	71	57	38	11	91	90	81	25
48	28	94	88	96	21	20	20	69	65	42	77	81	72	25	77	59	64	49	15	57	80	3	0	89	8	11	30	69	46	4	33	37	77	10	61	12	93	57	65	41	62	81	90	1	27	32	13	47	7
52	72	11	78	95	53	36	78	18	91	85	61	74	40	77	96	93	3	26	99	19	19	98	18	0	39	74	6	23	43	48	97	81	72	39	24	5	55	26	82	2	56	48	79	70	59	25	42	27	76
35	90	47	50	34	46	50	90	82	29	85	74	4	80	74	67	1	3	25	87	99	13	34	97	3	0	52	22	85	60	86	80	97	98	95	31	13	65	47	11	81	81	88	45	60	4	5	65	27	36
31	90	43	55	19	73	13	35	89	78	50	71	23	55	43	60	66	10	91	69	73	89	51	14	86	45	0	11	24	36	25	82	50	24	18	88	75	99	53	63	1	59	15	22	36	21	41	45	14	60
8	91	5	2	17	38	99	6	44	3	91	98	10	15	77	31	86	14	44	63	48	9	33	11	22	37	79	0	9	16	79	80	66	13	36	31	19	62	72	33	14	14	85	85	74	68	48	74	33	42
29	46	24	72	4	40	77	4	6	84	73	45	68	8	8	74	69	9	19	32	81	88	60	41	76	36	4	37	0	51	27	44	92	63	69	5	77	98	8	77	79	7	80	57	86	79	67	41	10	58
3	5	73	87	14	77	25	64	26	83	40	38	48	12	11	67	2	37	55	37	99	8	79	88	50	62	84	25	61	0	53	98	86	75	84	73	9	34	81	81	10	88	69	93	71	74	15	34	13	35
59	36	60	53	50	52	69	29	47	72	62	16	66	82	61	93	76	56	58	53	70	38	41	8	74	99	54	72	67	60	0	88	59	18	90	3	84	70	56	41	2	31	73	94	84	35	71	7	25	6
86	43	48	25	37	58	22	69	52	39	34	14	57	7	68	67	26	96	85	16	67	62	8	86	1	71	46	44	37	71	39	0	7	67	67	75	9	35	32	19	84	33	21	76	32	52	98	57	69	91
67	25	16	73	64	33	47	55	85	8	16	13	20	6	18	41	31	65	68	4	2	38	5	12	42	44	34	39	17	23	94	72	0	36	47	83	77	47	21	5	27	75	3	1	2	40	97	90	89	26
29	33	26	80	70	76	49	89	9	64	73	32	63	19	95	21	74	15	96	81	63	6	95	28	89	84	65	40	88	79	32	44	48	0	16	2	46	60	99	93	93	68	97	76	38	76	29	25	34	5
88	60	9	3	57	29	70	56	85	33	46	54	50	28	68	86	12	43	53	1	36	83	34	47	44	34	47	66	19	66	80	13	66	15	0	40	34	23	85	78	14	54	95	6	70	74	77	79	80	98
77	21	39	3	46	32	96	47	94	91	33	87	61	66	51	92	18	58	7	25	11	73	2	75	11	88	17	32	17	53	47	36	46	43	72	0	75	96	55	93	81	72	25	81	46	91	87	46	93	43
15	16	43	41	20	86	65	97	82	73	11	23	60	74	68	3	81	50	88	41	18	42	54	43	22	19	10	79	37	3	79	76	33	15	15	1	0	29	60	72	41	96	21	7	11	67	33	23	18	68
72	33	73	78	73	7	49	75	51	5	85	6	2	43	21	5	3	35	5	57	42	79	89	60	44	23	37	34	66	7	72	7	91	58	76	40	45	0	13	95	1	88	61	8	75	2	61	89	94	33
56	54	6	76	1	54	21	26	71	93	18	94	13	66	70	13	70	24	53	39	78	51	32	40	21	85	28	36	89	14	34	11	90	41	23	36	85	13	0	51	53	70	14	71	15	16	9	2	90	34
75	13	67	42	50	24	19	32	95	35	15	72	34	27	92	6	48	99	20	14	6	39	15	47	70	41	3	73	25	17	32	73	82	57	66	77	90	51	38	0	49	54	68	27	31	10	49	86	29	43
73	53	97	36	95	99	36	74	70	9	25	56	97	95	67	83	71	99	88	33	11	14	36	18	93	35	73	12	44	50	44	86	28	87	85	74	52	97	79	75	0	96	58	95	54	1	91	54	10	87
57	13	4	17	62	65	81	69	80	88	26	26	96	93	27	89	1	54	53	59	3	29	62	53	56	90	86	49	81	31	75	80	55	21	91	8	1	15	77	54	79	0	50	51	80	86	76	99	34	97
18	67	87	9	42	63	68	82	97	35	38	78	51	90	72	37	16	51	38	51	73	78	97	26	12	1	62	36	52	32	79	10	20	80	29	12	84	46	66	93	89	95	0	35	48	26	48	28	72	34
1	84	33	33	97	46	89	13	3	97	9	34	40	89	96	37	15	96	8	29	17	66	25	20	77	73	7	25	35	59	58	44	22	46	71	99	85	41	17	72	98	82	22	0	97	27	73	40	80	61
22	96	59	22	82	83	26	5	61	21	75	24	25	17	48	59	38	89	81	31	22	32	96	44	82	46	73	86	86	53	93	71	56	78	63	44	26	57	29	15	73	12	63	78	0	26	97	80	25	99
13	97	64	19	34	69	10	35	99	49	2	28	73	52	63	74	55	39	8	99	10	31	59	58	50	31	50	11	76	8	91	88	71	74	52	60	99	62	78	46	55	73	44	44	65	0	64	18	69	30
90	75	6	80	18	5	31	57	78	80	71	56	31	98	82	92	45	3	69	82	26	48	92	37	50	73	25	18	72	80	53	8	31	49	39	84	57	31	79	10	64	99	47	65	82	47	0	81	8	51
62	65	10	95	32	24	19	41	40	7	50	50	59	61	96	81	68	90	16	2	32	62	31	7	27	21	60	29	4	3	49	44	15	60	89	88	55	55	28	67	83	71	6	5	29	47	4	0	70	15
47	43	85	16	6	99	77	70	23	22	68	98	86	52	79	86	64	5	7	58	77	41	7	30	44	55	77	27	85	38	34	5	90	13	24	5	11	44	10	27	26	61	31	27	93	50	22	39	0	82
13	32	94	46	90	95	96	97	95	39	53	70	12	16	98	97	46	18	34	43	45	93	83	50	12	83	47	2	81	46	76	12	50	31	34	92	55	27	90	49	50	95	75	17	38	68	92	40	44	0
M4
0	49	55	43	35	76	16	60	35	21	80	12	84	33	38	50	29	52	56	15	68	52	6	61	69	86	21	61	31	51	22	86	80	84	32	20	96	62	88	66	22	73	15	45	98	69	7	86	39	28
60	0	81	15	81	27	42	29	82	84	59	7	32	61	98	8	71	43	53	65	17	54	25	84	5	1	41	67	53	1	6	45	73	55	34	31	80	26	44	34	87	24	85	82	85	27	36	55	40	81
91	29	0	58	57	36	67	9	52	63	33	87	78	89	88	85	65	80	4	76	67	65	14	38	61	38	77	94	70	52	28	5	52	57	24	68	27	45	36	14	49	90	41	85	39	15	88	44	30	3
71	49	99	0	51	24	5	80	32	13	52	84	94	8	63	77	39	40	81	85	45	86	82	33	27	37	66	18	52	40	12	2	50	26	42	65	89	48	89	34	6	10	54	1	9	53	93	90	98	21
93	44	71	40	0	8	12	92	70	58	91	68	16	35	47	44	9	52	93	15	95	28	34	16	93	10	88	33	98	58	41	66	57	56	98	7	44	17	56	31	88	96	74	25	62	43	46	76	14	35
1	8	3	87	60	0	39	88	32	58	4	55	3	90	44	95	79	40	78	73	68	2	5	45	24	22	81	6	47	94	9	86	6	96	92	33	69	52	74	22	43	59	49	13	54	18	4	30	31	43
59	29	54	46	97	90	0	91	25	89	46	40	2	71	23	36	77	39	73	8	18	40	22	73	77	95	34	24	13	86	9	38	75	66	37	2	53	11	81	59	18	96	62	1	88	68	72	55	28	64
42	68	28	74	20	60	40	0	65	61	6	80	6	32	81	90	65	54	66	51	70	71	92	70	46	8	87	94	71	35	51	23	28	80	51	15	36	45	50	13	71	13	75	39	43	50	6	35	62	59
41	31	20	20	67	92	78	16	0	45	68	23	61	67	27	38	57	87	78	4	33	95	1	28	81	91	23	52	64	8	40	12	59	47	47	22	83	65	35	25	91	96	76	36	55	10	92	44	67	44
80	77	18	58	47	39	39	97	78	0	56	30	44	29	14	89	43	19	62	25	76	84	18	20	52	98	94	71	37	61	44	35	17	47	77	35	8	35	9	32	17	68	49	51	32	13	13	9	17	31
46	6	98	70	79	62	3	27	53	16	0	68	63	79	7	38	69	42	23	21	87	34	86	57	65	94	86	42	92	98	5	90	31	98	89	39	57	32	56	22	68	34	47	80	21	39	58	69	2	34
21	81	64	7	1	9	60	26	43	6	57	0	6	91	20	29	65	40	9	52	88	14	66	46	33	72	8	41	55	91	9	62	32	70	82	66	16	53	46	57	49	81	11	85	16	8	91	2	12	27
32	98	60	28	75	93	15	55	42	23	6	35	0	83	35	38	14	24	31	43	96	24	71	38	14	3	45	53	20	26	88	24	16	36	80	53	63	72	62	13	7	34	53	15	44	56	66	73	94	15
39	68	62	81	37	38	4	86	93	90	23	77	93	0	8	78	58	21	69	64	61	14	34	90	90	8	50	98	23	65	79	59	71	6	64	57	40	97	64	65	23	75	44	35	30	84	91	85	44	81
5	51	31	27	53	24	77	53	26	8	9	9	19	54	0	16	88	2	63	4	14	4	64	32	26	73	3	5	93	22	10	45	63	50	20	52	92	17	72	18	43	3	6	75	35	72	30	80	82	44
42	61	59	12	20	90	69	88	99	53	16	66	26	24	7	0	94	45	78	18	41	56	93	21	84	54	16	47	44	35	5	23	51	29	81	22	14	2	34	18	40	24	58	13	12	11	47	89	19	75
46	22	12	44	44	20	22	40	55	13	56	22	36	81	78	38	0	18	4	8	30	55	74	27	3	38	8	67	42	90	30	2	38	75	37	86	58	64	60	9	77	54	62	52	44	29	71	75	58	6
19	60	77	4	30	90	88	43	88	60	97	39	86	16	35	67	14	0	91	73	11	54	87	9	2	90	95	57	47	45	89	55	63	99	9	68	90	64	21	59	55	7	40	60	84	53	30	46	7	13
26	13	94	99	43	98	24	57	69	18	60	93	60	72	91	88	61	78	0	80	47	50	21	91	81	75	11	26	67	8	28	61	10	56	54	86	86	7	44	77	86	79	83	47	45	25	30	76	45	94
36	97	36	58	7	1	89	55	35	70	3	8	13	82	95	21	25	15	92	0	55	63	52	64	48	15	93	69	15	22	82	40	58	19	24	78	69	74	63	78	90	16	34	71	84	9	3	74	29	6
65	84	11	4	71	43	22	71	95	74	57	22	61	59	70	58	99	12	52	10	0	93	54	10	43	39	27	88	4	39	64	58	27	81	18	41	40	89	38	64	18	52	7	73	79	45	5	20	35	22
60	22	25	38	91	63	4	17	61	63	57	89	96	58	71	64	39	57	71	96	29	0	62	19	75	53	82	19	49	90	66	83	47	39	40	58	77	25	22	88	5	4	49	11	36	20	48	73	74	80
18	25	13	59	21	38	81	38	95	43	70	44	39	88	87	52	11	73	24	57	76	88	0	51	25	83	78	44	92	19	20	28	65	27	54	92	36	65	46	96	26	23	30	91	8	37	88	14	91	84
64	24	51	39	98	9	33	95	52	60	89	28	47	1	8	31	39	22	33	44	10	53	19	0	67	36	75	39	31	69	55	39	59	47	54	37	40	12	40	76	12	2	15	1	8	44	24	7	26	85
22	83	21	1	92	61	27	92	69	8	61	71	99	65	74	68	27	7	31	27	15	40	54	70	0	21	27	58	52	89	53	50	26	44	89	84	91	62	33	96	7	3	99	40	86	89	31	18	97	85
17	85	39	11	52	39	80	73	85	50	64	46	28	86	22	73	14	43	54	22	54	66	65	86	12	0	46	58	29	84	22	34	7	89	94	51	14	76	79	31	53	9	25	22	98	97	67	57	29	84
22	67	33	85	19	30	17	58	33	80	76	63	63	1	99	10	70	61	17	17	81	95	20	39	93	23	0	12	21	65	46	61	94	70	5	68	24	37	37	71	65	21	98	51	95	64	49	8	26	48
73	21	17	49	27	18	36	39	12	7	43	3	28	54	98	55	46	9	9	94	2	11	74	3	12	28	95	0	93	58	5	51	79	92	35	58	80	51	75	73	13	88	64	2	43	67	24	18	67	72
42	16	62	16	79	40	40	67	41	70	65	30	99	64	39	24	76	63	67	74	2	37	38	3	22	20	99	57	0	20	36	14	63	62	60	7	46	2	31	66	68	81	14	36	95	33	4	21	75	68
89	99	77	88	29	7	55	73	12	28	17	24	3	24	5	75	97	89	39	88	31	83	64	97	9	12	14	78	77	0	38	54	45	39	62	18	13	64	82	99	72	80	28	91	52	29	47	78	90	22
66	13	31	37	66	62	97	27	40	66	41	54	26	73	45	49	33	29	33	72	98	42	30	17	49	53	51	91	54	72	0	28	65	90	66	4	59	57	15	46	31	17	64	62	66	40	43	17	97	86
22	88	94	58	36	15	4	82	1	2	31	34	74	14	1	8	73	64	25	70	31	65	70	80	45	12	12	54	77	16	1	0	94	83	6	90	36	91	54	10	64	59	18	52	97	73	83	38	62	85
54	72	90	68	36	85	18	72	96	54	65	92	8	13	20	79	89	31	77	67	31	94	79	79	46	24	75	61	79	28	90	28	0	95	54	71	38	95	5	59	34	53	16	88	4	61	31	25	48	30
1	94	73	88	6	56	41	64	77	19	30	51	59	27	6	93	39	38	1	41	45	79	49	52	89	59	31	56	86	65	8	99	98	0	75	73	26	80	66	48	84	12	98	73	58	61	98	97	39	9
85	69	26	15	99	60	96	27	36	93	81	53	91	51	53	40	72	80	2	45	29	33	53	86	7	87	65	99	31	62	2	57	80	10	0	61	8	87	36	23	47	94	12	30	43	50	48	30	52	14
61	30	16	10	53	45	26	54	70	46	81	43	33	37	95	57	38	17	10	53	74	99	32	31	11	5	7	84	47	49	76	93	33	85	96	0	17	92	72	20	75	19	83	52	49	19	82	47	22	22
21	94	55	96	28	27	64	13	17	35	30	69	16	67	78	62	99	80	5	63	77	21	21	35	65	96	57	6	58	49	52	81	57	26	95	52	0	44	42	32	46	83	55	19	16	16	96	6	72	60
49	74	2	36	47	64	20	89	38	75	58	65	54	93	87	70	54	21	19	14	52	90	37	33	36	80	62	19	47	81	33	15	76	70	73	57	78	0	99	77	62	39	3	15	91	28	63	62	59	23
26	96	38	94	20	16	96	84	37	61	75	17	82	68	68	21	83	69	83	60	39	14	94	1	34	92	5	50	49	80	82	59	47	17	49	71	19	13	0	18	48	8	43	23	19	57	53	82	33	50
6	87	3	17	33	8	64	61	84	55	15	9	67	58	85	69	34	14	50	6	60	46	10	5	15	76	77	24	15	77	52	51	27	77	77	87	45	30	10	0	71	58	78	31	69	1	58	8	22	30
29	60	19	92	38	95	38	56	39	34	69	31	32	5	13	4	92	24	25	59	97	55	45	61	90	20	30	9	17	24	77	15	28	95	20	45	59	68	12	29	0	92	42	53	30	81	9	8	33	6
42	25	87	56	59	59	15	92	18	59	73	22	20	57	23	73	16	87	55	82	31	26	67	3	70	4	95	21	70	53	38	24	98	1	42	55	18	87	20	65	74	0	95	25	22	72	25	16	63	44
22	60	88	24	75	84	20	1	19	58	99	83	12	69	83	22	89	37	56	68	96	49	74	55	48	48	23	46	91	83	27	64	44	3	66	29	50	68	74	30	69	4	0	28	33	90	5	57	7	46
89	26	85	49	57	69	39	97	78	86	92	12	39	28	30	94	23	12	64	36	85	82	68	94	67	73	91	44	45	49	9	47	16	39	82	4	72	79	17	91	1	35	57	0	86	26	60	54	35	63
30	90	13	77	40	40	5	37	60	22	69	23	95	52	87	36	80	14	14	98	21	95	53	55	46	69	63	11	53	16	47	71	32	4	58	62	28	83	79	51	71	74	10	92	0	65	22	85	70	39
71	28	19	87	95	70	30	58	51	32	89	67	58	31	90	38	41	44	36	10	53	70	1	47	90	56	38	62	67	77	41	16	85	90	91	60	53	5	68	64	12	30	82	96	88	0	11	71	76	78
35	68	30	13	96	29	87	99	42	68	21	4	21	72	15	28	42	50	1	15	87	62	18	50	40	37	67	77	27	62	81	31	95	10	18	46	52	28	47	19	48	20	10	7	92	88	0	53	8	17
9	55	45	20	56	27	55	87	30	40	60	44	15	97	52	81	84	85	46	95	43	40	56	97	56	30	21	91	19	50	73	43	53	50	20	74	46	62	3	47	59	7	35	44	82	75	36	0	47	93
26	22	61	72	38	9	61	65	15	51	35	89	39	12	49	48	96	30	91	79	47	60	36	55	91	66	31	17	74	15	39	15	18	95	50	63	71	62	56	63	31	68	61	31	55	50	53	37	0	88
81	85	56	66	81	18	69	54	80	28	76	60	58	1	3	20	7	35	17	27	90	42	92	77	6	30	75	44	54	73	35	3	91	38	27	60	11	1	84	83	68	79	18	8	77	72	88	75	4	0
M5
0	58	83	50	58	26	23	86	62	20	56	61	29	20	38	96	95	1	93	29	82	39	7	5	87	49	99	99	22	86	79	10	53	33	66	45	17	59	49	24	99	31	8	66	18	99	17	14	39	99
10	0	30	18	31	70	72	54	22	83	26	79	72	60	31	34	43	21	70	11	38	92	86	46	82	66	29	5	15	18	77	83	26	82	76	30	23	34	78	55	3	30	84	77	56	91	30	39	43	53
47	68	0	6	3	6	90	15	70	27	10	62	66	96	4	45	67	42	17	4	87	42	35	17	4	82	83	56	10	81	76	55	21	50	11	49	54	44	87	88	58	42	95	35	62	60	90	90	72	57
70	9	42	0	20	8	10	69	31	2	89	30	42	66	75	33	15	47	1	50	97	57	82	71	70	61	21	82	43	46	66	60	9	67	18	38	98	47	47	93	53	77	65	42	52	45	67	51	32	75
40	17	96	80	0	1	53	10	46	4	80	1	88	48	40	45	76	58	43	98	94	16	46	77	94	89	13	32	62	66	86	52	82	89	11	3	6	62	46	69	29	60	87	70	49	81	75	68	54	99
49	74	52	22	95	0	42	75	63	86	88	80	78	5	84	45	18	13	10	42	10	97	65	27	66	11	75	73	81	83	40	46	59	76	11	89	91	14	90	82	83	81	9	78	77	21	92	28	40	31
46	65	5	54	21	95	0	90	32	20	22	33	28	81	86	98	71	27	37	72	73	76	16	43	96	64	47	12	2	1	86	14	99	71	15	29	64	67	31	96	12	90	66	93	28	67	2	25	7	74
91	33	50	60	15	27	4	0	9	93	95	66	89	63	46	79	78	92	86	79	45	67	45	87	58	95	88	52	35	2	90	82	38	13	58	19	9	60	19	53	78	35	16	85	99	90	85	59	93	66
99	50	1	78	90	70	75	12	0	15	24	76	90	92	23	35	26	59	58	1	68	96	71	91	8	30	79	26	91	28	52	75	67	11	30	88	77	84	52	77	31	39	13	42	58	75	82	16	17	62
47	17	97	33	61	52	59	65	24	0	24	74	13	1	17	90	83	75	73	15	71	97	82	82	99	45	41	85	26	39	63	40	18	65	52	44	96	2	44	50	19	41	6	41	28	70	40	95	3	42
24	81	93	50	92	11	4	96	39	41	0	79	98	93	11	92	97	4	42	51	49	35	58	58	11	41	79	4	55	4	5	72	88	20	8	86	29	92	74	29	93	60	84	13	92	53	9	77	26	80
66	56	36	75	72	23	58	60	66	17	77	0	96	7	16	73	46	61	81	30	48	44	25	15	87	61	51	81	26	80	81	37	96	31	64	72	98	97	19	64	46	70	89	82	43	52	78	59	98	52
6	25	10	8	8	91	60	9	64	49	25	32	0	36	17	75	87	27	43	22	52	28	61	45	47	88	44	96	57	26	10	77	26	82	64	9	63	68	7	75	53	67	9	97	37	88	55	48	27	87
10	42	67	96	30	56	40	26	63	48	1	43	87	0	93	67	29	72	62	28	66	91	89	8	20	97	23	33	12	42	52	81	87	13	43	90	45	6	41	85	60	66	17	26	36	58	63	5	57	52
67	28	29	33	14	76	28	81	15	19	95	68	35	19	0	62	66	88	81	63	74	15	5	94	7	58	42	29	91	14	98	77	81	5	7	58	67	22	53	42	51	17	61	51	29	51	50	43	63	25
16	11	74	54	11	77	64	58	20	71	55	76	55	90	16	0	39	21	23	81	41	18	58	26	10	86	11	17	62	21	55	72	84	80	19	92	90	5	3	45	36	95	27	21	92	16	97	87	17	41
64	18	58	42	18	49	3	89	26	30	37	19	21	37	78	79	0	86	71	15	77	10	81	45	68	84	59	12	60	91	5	67	51	92	66	18	85	8	93	40	27	68	66	55	69	56	80	4	29	86
3	76	8	82	35	71	4	50	46	90	11	62	52	2	50	89	69	0	22	97	60	55	98	20	30	25	1	38	74	1	38	59	58	30	79	63	50	90	31	27	52	55	92	27	94	91	17	51	6	22
32	15	53	60	88	52	25	7	67	28	81	72	44	16	15	48	89	4	0	88	61	76	33	39	64	89	6	68	61	90	81	63	71	63	66	9	59	51	73	85	15	56	83	81	46	65	57	38	5	29
73	18	85	90	76	77	51	63	85	59	75	81	80	54	13	94	67	93	29	0	61	97	65	54	76	85	71	51	28	57	78	98	75	9	4	30	90	78	56	96	99	43	38	25	35	5	42	97	57	22
23	74	29	1	37	30	44	56	46	91	44	2	60	78	67	35	57	86	25	23	0	85	81	95	94	71	78	77	23	57	26	43	26	55	25	92	25	95	49	84	54	93	47	5	91	76	46	1	66	34
74	76	57	92	90	54	94	19	80	16	18	4	50	2	62	93	39	27	75	55	21	0	30	81	97	77	86	43	88	55	27	4	37	39	60	94	29	7	86	36	39	50	45	85	55	74	40	3	87	99
38	22	50	56	20	73	37	16	46	84	31	11	59	40	12	52	25	11	62	17	13	52	0	83	86	38	39	55	52	23	9	32	19	64	97	36	67	4	10	87	72	27	59	7	67	63	57	51	13	48
48	84	10	58	15	98	63	52	3	17	93	72	31	66	31	80	99	87	67	36	6	19	35	0	51	25	91	35	68	23	92	46	46	9	5	73	58	36	27	31	29	17	26	55	69	10	76	1	88	90
99	71	80	18	95	67	26	53	28	71	57	98	19	4	64	63	54	1	55	65	8	17	90	33	0	35	47	51	72	91	19	27	94	89	96	9	40	79	10	41	28	32	88	72	31	58	63	82	44	83
82	1	91	74	24	43	21	69	32	15	37	89	1	66	4	92	61	99	6	25	79	69	51	87	47	0	14	58	84	31	10	46	64	14	50	43	53	33	76	60	26	23	15	11	89	89	10	69	64	85
41	87	84	70	65	34	50	64	40	6	16	38	94	33	88	89	72	87	70	1	60	47	68	84	61	89	0	58	56	93	11	83	90	28	98	5	51	68	6	46	3	65	89	17	41	11	28	68	8	40
31	44	60	51	91	33	33	24	57	9	96	87	9	47	99	61	88	26	70	96	8	71	80	63	13	95	26	0	71	20	34	66	34	18	88	23	84	18	25	36	31	88	97	32	91	11	70	37	53	48
86	50	56	94	91	67	65	70	10	4	19	61	41	67	44	35	14	73	82	62	23	15	66	46	26	14	41	26	0	93	29	22	6	19	90	33	38	43	82	61	44	56	12	28	71	60	11	68	4	25
75	46	77	71	38	73	81	43	17	3	28	73	4	93	29	50	67	95	20	34	98	96	6	82	14	9	30	85	2	0	11	86	23	69	61	29	88	30	54	37	41	44	78	56	87	89	1	26	4	35
96	39	40	38	76	15	77	2	2	81	30	44	84	87	3	70	96	97	61	64	65	42	58	25	98	13	36	19	86	43	0	98	21	70	9	10	76	63	23	78	92	82	36	28	45	10	45	56	71	5
76	47	66	24	16	79	15	31	62	38	22	99	64	48	33	36	53	60	40	77	68	66	29	57	67	33	13	16	39	69	42	0	18	74	75	14	4	66	32	94	73	37	31	34	98	15	60	52	92	13
79	8	97	77	68	83	65	13	20	56	39	89	24	29	54	14	42	37	37	92	90	75	57	31	76	91	47	58	41	39	24	42	0	27	9	58	69	54	52	81	72	84	88	23	54	95	53	13	29	18
14	15	78	75	90	47	2	53	29	20	95	89	29	95	10	31	24	54	48	44	58	10	13	40	21	19	29	59	14	76	72	40	78	0	82	2	50	4	40	72	62	87	95	70	99	34	58	97	90	85
36	9	98	52	89	64	23	68	87	50	80	87	11	8	19	13	47	26	27	2	64	30	24	7	64	61	63	43	42	3	74	79	14	37	0	26	11	90	19	88	47	95	94	23	26	63	13	34	53	70
4	59	99	84	25	78	28	22	88	64	21	61	34	23	41	54	5	80	38	19	35	13	74	20	74	44	58	65	79	34	86	75	79	50	41	0	95	71	87	94	73	12	85	11	16	18	46	58	83	74
58	63	10	35	92	69	42	43	98	88	31	17	41	49	39	83	43	92	25	49	33	51	30	28	2	30	83	90	24	68	82	96	6	42	34	4	0	44	53	53	92	35	98	57	43	43	33	98	38	31
48	34	1	16	45	12	73	84	74	28	8	8	64	92	13	10	59	93	92	5	47	53	56	97	48	23	93	4	79	50	52	51	31	18	32	58	24	0	46	25	2	16	94	33	17	86	12	52	6	23
23	14	31	76	47	3	25	71	89	18	51	79	43	24	84	87	2	15	4	37	69	96	15	3	14	49	44	29	97	33	74	69	91	45	1	65	51	42	0	53	80	4	77	89	79	89	43	59	92	45
84	14	36	24	43	80	58	94	50	51	38	62	62	39	61	99	31	13	40	85	22	12	62	91	50	88	74	57	85	47	47	41	40	71	73	62	57	53	85	0	33	45	68	10	79	37	70	88	80	75
83	31	81	31	26	82	65	26	90	13	70	17	67	79	15	45	81	4	41	71	79	61	7	56	99	92	76	43	84	66	2	49	53	68	76	95	16	81	18	11	0	9	92	15	93	81	42	24	25	65
82	29	56	4	41	73	22	16	86	43	55	43	38	62	86	79	81	16	81	99	77	26	23	25	66	30	59	1	17	59	72	69	67	99	22	64	55	77	92	61	43	0	23	36	51	70	93	86	42	5
54	92	86	64	47	96	92	35	16	47	76	11	44	43	56	17	36	18	95	12	43	33	48	65	20	39	60	61	62	11	40	73	51	74	84	14	25	77	35	53	29	80	0	10	57	36	56	11	91	28
33	26	94	79	23	59	9	94	7	69	32	64	86	93	24	77	8	94	73	84	27	45	26	85	68	44	17	22	94	39	54	72	94	81	64	78	55	50	78	65	69	18	31	0	31	3	43	92	9	17
15	65	32	22	87	11	56	14	69	76	26	6	65	68	77	69	80	58	13	37	44	33	9	48	94	33	26	15	48	21	31	61	38	92	58	50	96	16	72	5	22	49	3	3	0	35	98	55	61	39
89	40	90	35	81	60	50	33	40	46	42	89	48	35	41	51	31	36	15	76	1	22	21	81	75	38	59	14	12	27	17	68	50	98	50	87	84	11	74	11	80	19	67	68	18	0	22	95	38	34
22	35	2	78	51	29	73	23	54	16	88	77	22	19	73	7	13	65	37	55	11	9	51	10	8	36	6	74	1	4	77	32	55	40	18	11	64	86	69	82	4	77	65	63	78	90	0	56	3	85
2	89	57	67	29	22	9	6	59	44	62	86	82	42	33	57	78	40	14	23	38	85	75	73	10	71	43	40	92	12	57	8	34	20	6	47	99	40	84	41	13	45	29	3	87	3	19	0	31	7
55	54	45	20	84	47	81	47	53	88	59	27	34	67	47	55	73	69	73	76	62	73	74	35	90	25	81	14	23	50	65	1	18	48	10	55	72	71	79	83	78	74	97	33	8	7	59	72	0	67
65	26	2	93	36	98	29	83	98	62	97	63	64	30	48	55	66	51	57	2	47	52	79	36	77	23	90	18	26	80	3	87	64	45	9	85	59	40	61	47	3	92	12	77	72	78	50	63	30	0
M6
0	62	28	70	1	16	60	32	74	12	17	40	50	29	82	91	88	27	19	33	58	56	64	24	91	26	68	17	65	44	22	11	12	94	58	22	83	23	12	95	46	47	69	49	81	8	58	7	12	26
43	0	75	73	39	32	76	19	27	19	28	10	48	94	33	36	55	29	43	75	55	88	75	71	22	44	13	2	3	92	30	58	56	79	1	72	14	25	90	41	65	54	50	47	89	12	39	77	12	8
69	82	0	28	6	40	34	34	76	93	65	79	60	29	5	85	19	38	48	37	65	70	18	19	5	21	97	54	32	7	63	88	55	78	36	89	44	79	18	92	41	52	5	88	53	42	79	44	38	65
23	99	40	0	38	8	75	39	71	57	9	27	83	74	66	16	94	95	22	48	4	8	11	50	43	30	65	75	77	61	17	4	4	42	23	3	41	73	28	64	29	97	3	83	87	39	85	29	88	46
40	26	42	91	0	14	57	14	26	25	44	14	83	48	73	22	79	62	67	43	76	79	29	16	68	68	1	10	41	43	18	74	99	90	49	44	58	31	53	12	56	66	91	2	26	38	89	31	37	8
13	29	81	38	17	0	50	95	21	93	8	13	95	98	12	94	52	56	81	96	2	68	75	58	70	65	58	26	47	87	88	39	79	84	6	54	23	55	43	80	58	91	12	40	56	73	7	95	38	47
44	99	71	73	41	49	0	3	25	75	67	91	91	99	40	32	88	98	63	58	8	5	2	63	35	22	58	94	37	11	94	93	86	44	59	95	76	40	19	11	45	11	89	47	12	11	20	52	97	53
77	76	76	38	15	97	81	0	7	58	41	68	19	11	97	3	12	72	36	25	97	37	25	15	96	79	46	51	17	85	59	48	38	66	21	5	41	52	10	3	9	77	81	40	72	86	61	89	1	35
61	6	36	48	57	36	33	78	0	79	98	56	69	6	39	39	4	38	73	10	22	27	81	37	8	60	12	59	95	28	4	81	44	51	45	72	75	4	26	90	79	95	34	14	30	76	34	63	62	86
3	32	9	63	18	74	92	80	32	0	11	34	74	65	47	99	88	9	18	15	44	14	10	26	99	27	20	55	90	61	38	19	29	53	92	73	14	23	70	27	1	39	5	27	10	59	10	3	69	98
79	43	39	47	4	12	57	33	48	57	0	99	14	13	48	38	22	73	55	54	26	48	56	41	60	63	25	77	36	3	57	93	59	62	11	32	82	54	86	89	1	20	74	85	46	54	31	93	47	48
68	48	66	99	77	75	11	55	7	52	9	0	79	66	69	71	62	45	52	94	12	46	75	64	1	73	65	80	51	46	84	6	87	5	37	98	85	41	38	96	93	74	41	53	15	35	14	58	74	52
8	68	1	42	53	48	1	47	88	99	13	74	0	6	14	59	30	48	93	41	47	20	11	36	60	84	12	1	73	53	78	85	12	91	7	13	74	18	67	77	13	38	52	67	2	60	25	23	91	89
32	66	49	70	38	87	21	58	89	52	87	17	33	0	81	81	80	24	12	98	22	24	31	17	28	50	65	10	60	34	35	8	55	14	37	49	96	50	96	41	67	56	5	89	48	58	40	96	31	50
31	17	76	11	11	32	6	71	76	86	24	73	50	76	0	18	47	95	3	64	9	59	29	51	45	12	91	92	32	37	66	85	27	73	86	51	7	6	56	53	55	89	20	79	15	13	72	35	60	56
19	93	64	14	23	80	53	50	7	7	71	42	79	67	13	0	14	16	72	84	56	15	83	7	17	99	60	69	66	46	49	89	4	54	66	56	45	86	62	43	15	50	55	32	20	98	83	78	95	63
23	1	44	59	42	94	87	15	9	87	50	25	81	90	90	20	0	22	13	85	10	33	40	21	40	8	9	32	65	24	10	36	41	46	5	96	67	8	50	54	60	76	58	95	12	38	31	44	77	54
51	11	9	63	33	5	92	45	34	34	95	60	7	17	10	42	33	0	88	46	93	72	85	29	20	11	32	86	9	90	58	40	18	79	40	26	56	76	24	29	53	82	76	83	49	81	95	84	68	14
38	24	44	21	76	16	7	11	82	8	64	66	98	72	25	93	41	33	0	49	88	54	70	28	64	7	98	27	63	96	32	39	59	10	61	36	20	36	20	10	64	68	7	60	67	1	90	45	76	26
25	9	51	92	40	70	30	66	88	15	92	17	67	30	76	12	42	79	60	0	98	40	12	19	2	95	33	17	71	63	5	4	50	25	38	10	57	62	92	71	92	75	18	25	23	60	70	58	1	76
18	93	16	74	99	57	93	59	3	53	85	10	89	38	18	81	71	75	85	63	0	13	16	17	59	20	32	49	31	51	85	74	3	28	37	60	27	73	4	48	61	71	29	91	2	42	31	76	72	75
21	35	70	56	33	68	18	92	95	5	51	17	32	80	86	18	71	26	1	36	20	0	67	42	26	9	6	60	63	23	18	98	51	84	85	14	57	28	69	3	87	15	65	45	73	57	8	16	29	43
25	99	1	9	46	16	35	73	16	60	12	46	81	89	32	69	34	25	57	48	39	43	0	39	2	79	86	83	11	93	11	36	61	93	32	89	10	75	77	49	17	79	28	4	19	50	2	82	41	1
34	6	78	89	45	65	81	64	4	67	32	19	14	45	97	83	5	29	4	41	95	3	47	0	23	41	14	48	53	16	2	30	24	76	61	44	32	92	66	95	8	72	2	48	9	94	97	91	70	29
56	9	26	15	13	85	47	27	73	33	64	42	21	32	63	87	87	7	69	44	25	96	69	24	0	24	76	38	52	65	43	49	15	16	83	6	59	78	69	19	67	71	59	5	16	4	4	99	4	58
70	1	35	10	53	76	40	27	23	21	10	54	19	34	75	59	25	54	28	83	49	77	94	57	3	0	38	97	49	68	33	65	55	75	23	77	66	49	30	51	62	81	22	17	3	47	61	25	46	67
38	95	92	87	33	90	36	27	74	76	84	12	83	11	64	3	25	60	29	79	97	44	39	38	48	50	0	82	23	86	80	43	87	20	14	53	64	63	91	69	86	69	67	74	86	92	83	84	72	92
50	12	54	19	53	26	64	53	13	96	3	84	58	28	99	59	13	96	72	20	84	80	24	24	13	14	6	0	21	25	19	43	7	87	12	98	6	67	46	24	35	35	83	9	53	78	81	56	8	96
38	17	22	7	46	70	84	80	30	48	49	81	79	12	43	91	9	52	36	24	82	66	37	74	11	27	8	61	0	94	49	16	48	73	19	59	49	5	48	42	64	84	58	80	99	87	16	74	58	66
65	62	15	76	33	49	12	82	8	86	29	68	12	28	25	80	14	94	52	49	64	33	86	72	41	37	26	68	31	0	66	57	31	7	5	82	26	53	6	58	33	64	46	6	7	12	82	62	24	49
58	10	33	21	40	94	19	68	60	12	59	72	82	38	30	55	55	19	87	45	86	49	30	74	64	16	26	60	14	71	0	47	88	50	65	66	4	91	62	83	75	13	8	3	93	78	26	75	8	73
70	74	16	17	48	76	81	39	87	47	6	53	41	79	9	44	16	16	90	58	91	59	61	78	65	50	87	9	22	61	71	0	93	35	59	63	65	43	5	90	87	49	1	35	26	35	30	1	81	9
9	47	59	10	71	89	61	41	60	87	20	3	65	70	16	59	71	71	49	51	80	71	50	30	25	75	53	94	92	69	73	43	0	28	29	57	71	77	85	83	88	99	63	56	24	47	41	15	44	97
17	30	14	5	59	83	62	64	92	49	38	44	33	5	69	14	80	61	56	68	43	89	66	44	26	56	17	49	35	32	41	84	61	0	12	1	9	52	68	79	73	90	27	60	44	26	26	90	66	35
26	71	68	16	43	34	74	24	54	87	96	17	79	52	34	58	49	6	58	13	4	15	14	15	92	30	33	94	62	59	43	14	49	51	0	32	24	31	50	81	47	78	22	99	65	43	34	7	51	36
53	50	67	10	7	53	46	48	97	37	99	7	83	58	30	76	55	50	50	55	79	62	22	55	80	47	74	75	91	23	68	16	89	15	6	0	26	91	68	9	91	84	62	18	23	18	84	83	97	71
44	43	43	83	25	15	4	99	15	51	99	83	57	32	77	92	17	83	12	9	46	61	14	92	1	37	46	71	52	62	47	13	68	13	39	28	0	80	31	38	93	57	18	12	18	46	50	51	61	52
19	50	1	76	6	5	98	25	61	78	5	50	47	6	20	12	37	10	80	52	16	71	53	17	8	75	56	79	22	17	25	49	94	41	9	62	80	0	46	56	90	9	97	30	23	5	1	58	93	54
41	8	68	52	7	45	14	72	26	12	9	33	98	40	69	57	5	77	9	63	17	95	36	10	47	9	75	91	1	22	67	68	39	81	66	64	47	13	0	54	75	68	47	41	60	63	85	9	18	84
52	34	72	91	24	84	11	42	58	69	53	24	30	20	47	31	72	90	13	88	76	26	92	79	79	41	68	26	70	94	51	41	80	62	63	39	25	38	71	0	69	43	24	26	32	29	69	23	64	53
94	98	24	32	1	17	3	74	34	14	46	30	86	95	57	11	23	32	24	58	86	64	84	81	16	32	31	92	67	90	5	99	38	61	38	54	31	54	57	52	0	1	38	28	25	77	56	36	93	56
13	5	60	98	78	15	44	81	85	74	19	98	12	42	86	89	81	16	92	53	24	27	81	79	74	23	42	93	97	99	81	11	78	38	43	27	16	55	50	13	88	0	59	34	80	10	83	91	25	75
33	71	87	60	71	86	67	44	25	96	94	52	91	28	40	43	73	97	8	90	74	73	61	31	29	90	63	73	57	95	29	1	64	96	35	11	16	38	19	58	74	29	0	70	15	75	87	7	57	57
90	59	35	10	38	35	94	71	68	29	53	13	77	92	54	76	45	81	37	58	62	46	16	58	7	46	45	34	16	82	12	31	63	82	91	67	21	99	47	21	72	94	67	0	18	21	16	70	35	74
93	17	66	37	20	6	8	24	79	66	73	73	45	37	30	35	62	19	26	46	80	48	55	36	9	95	62	10	6	24	97	17	23	38	78	88	68	7	99	99	60	65	16	18	0	81	1	85	3	65
88	34	95	58	43	99	16	52	81	56	29	77	29	20	81	3	6	3	96	77	84	55	83	10	93	9	12	85	12	26	39	41	87	11	99	74	71	24	98	39	35	28	66	54	36	0	50	54	49	39
19	93	90	96	42	47	85	68	15	18	58	17	73	91	23	16	43	38	25	55	42	96	16	28	30	11	66	38	34	96	60	69	74	61	9	85	72	91	75	66	20	1	10	2	44	87	0	25	88	92
46	66	12	15	47	63	96	31	51	53	65	12	49	19	44	90	34	91	87	4	43	1	33	30	25	58	91	53	28	46	33	87	10	12	43	47	17	94	42	23	80	60	87	18	25	88	22	0	55	98
57	25	40	55	14	76	72	60	29	50	7	91	67	91	28	63	32	42	89	95	54	28	17	90	43	13	85	18	18	78	29	92	79	10	30	9	4	67	91	73	54	82	9	33	52	21	84	96	0	55
91	40	2	20	85	43	78	62	88	39	95	36	2	43	4	91	44	66	8	89	42	54	37	75	28	59	86	48	92	96	49	69	61	39	81	4	6	55	39	88	4	1	4	56	95	96	73	83	17	0
M7
0	88	87	23	99	48	23	42	70	52	58	83	90	75	13	17	11	72	4	49	45	25	71	98	81	86	63	75	75	61	93	5	9	82	7	90	5	81	5	9	29	75	33	70	13	2	30	3	89	72
69	0	33	27	43	74	79	88	10	73	70	72	79	9	60	87	75	52	10	86	79	57	42	64	16	74	5	73	29	94	85	35	18	99	65	34	24	49	24	29	77	8	4	32	60	14	15	11	44	35
31	35	0	91	58	13	73	52	19	64	98	75	54	82	75	30	48	87	16	99	99	32	44	91	19	21	12	87	55	89	25	8	95	38	7	85	86	2	93	60	80	10	30	36	6	70	26	78	90	75
86	25	28	0	14	18	52	33	46	85	13	32	65	66	33	99	48	23	50	21	96	4	11	52	84	22	72	97	83	92	74	32	36	22	72	42	86	70	50	57	91	40	58	93	77	58	31	39	11	67
94	43	92	18	0	70	1	15	42	17	32	11	68	77	3	11	65	36	48	72	63	76	69	49	76	17	41	24	17	56	33	8	88	46	38	93	90	99	71	9	76	71	60	4	37	92	60	73	20	30
55	7	93	14	30	0	94	10	52	29	56	42	13	28	53	97	57	88	11	17	55	83	60	20	12	86	68	71	67	87	30	57	88	73	27	2	42	71	85	69	97	61	84	28	45	94	95	73	94	82
63	29	90	35	43	84	0	78	66	69	32	96	95	20	9	68	17	83	63	35	6	64	97	57	93	79	55	48	32	17	54	50	6	77	98	50	1	14	94	88	7	29	69	22	22	15	73	43	97	30
96	64	19	54	54	4	35	0	65	92	57	65	28	46	34	50	88	37	79	31	15	91	24	66	29	25	26	29	20	12	9	30	32	56	93	75	62	8	81	44	28	99	55	46	77	16	76	5	39	94
15	52	67	27	40	55	7	25	0	41	7	73	50	81	33	59	37	84	15	77	45	8	31	10	25	71	53	42	98	29	63	79	60	90	68	78	69	61	35	57	87	43	72	44	78	97	24	91	73	91
56	72	65	64	60	10	6	79	91	0	35	89	62	19	67	62	34	59	37	99	83	19	36	21	52	69	37	50	13	22	17	36	67	90	3	82	9	44	85	68	96	92	2	50	68	68	68	67	69	83
15	13	71	72	54	20	35	66	86	83	0	4	50	29	39	58	89	7	24	65	48	53	27	88	13	18	4	59	9	58	83	16	73	65	21	61	11	80	68	4	60	63	60	68	30	31	31	6	1	4
31	31	91	86	87	64	39	95	42	67	38	0	16	54	88	38	27	45	59	4	43	42	15	74	67	26	24	87	34	5	46	45	98	59	70	41	16	42	77	80	76	16	45	57	33	64	96	65	18	24
42	68	27	2	71	56	34	90	7	47	54	86	0	14	23	78	79	23	17	30	74	30	76	37	43	65	68	5	38	46	17	43	10	55	77	74	2	21	84	31	29	77	38	20	45	35	12	12	75	92
92	77	55	65	89	85	5	21	74	38	38	36	34	0	87	67	17	53	87	82	56	59	58	78	13	88	64	88	34	64	49	44	57	90	60	46	75	12	64	46	26	80	45	64	63	32	19	78	14	70
23	73	15	12	47	42	12	31	29	63	27	9	28	98	0	66	85	43	95	95	60	47	76	14	94	45	60	18	3	89	36	4	53	98	93	82	95	66	85	92	95	64	52	30	52	65	64	35	5	45
42	7	79	41	69	39	23	68	4	86	18	34	48	14	80	0	87	52	85	94	12	40	95	19	26	82	51	77	60	81	53	26	45	15	37	38	87	61	75	76	51	14	52	21	67	36	44	80	23	47
1	16	17	98	80	34	80	16	95	43	97	4	78	78	78	31	0	57	35	57	55	19	66	36	48	89	36	90	38	62	34	93	62	46	96	44	21	26	79	99	54	61	84	43	1	40	44	39	94	84
92	57	15	83	5	76	5	73	60	86	4	8	73	47	76	86	97	0	91	29	34	93	66	41	45	15	46	53	36	55	77	2	81	62	25	71	5	7	31	19	69	71	20	96	88	80	88	51	33	8
88	10	24	16	67	55	35	23	38	59	37	96	5	36	56	20	32	17	0	38	88	68	66	41	21	38	95	85	92	82	42	40	42	97	14	36	89	98	17	19	73	33	28	82	4	86	72	62	69	83
11	61	68	62	60	47	37	74	92	47	95	49	91	9	41	15	55	33	56	0	66	84	76	9	29	83	82	64	48	70	96	39	15	73	68	63	96	54	41	25	41	95	94	27	67	30	86	75	68	14
95	63	81	56	83	48	6	66	16	18	72	83	5	87	95	91	76	94	63	41	0	71	66	34	23	18	77	74	79	63	37	19	32	25	54	64	68	13	85	26	27	35	54	1	50	75	96	29	15	24
86	60	51	81	21	35	12	78	88	63	49	76	48	60	16	45	79	42	97	31	92	0	37	33	60	16	30	1	42	75	50	56	67	60	93	55	13	22	4	9	7	53	87	39	8	57	19	38	96	87
50	58	98	19	66	65	82	96	18	54	85	61	28	95	83	43	77	63	98	81	86	78	0	5	15	57	36	84	39	55	33	42	29	33	4	75	87	26	19	64	41	76	17	30	17	62	73	70	60	36
24	69	88	12	96	43	70	40	17	80	92	61	98	66	58	40	28	13	2	10	2	36	48	0	79	86	47	30	86	96	47	42	97	24	50	7	89	54	64	67	61	49	13	48	61	99	71	28	31	63
58	38	94	38	1	64	55	47	50	18	68	35	52	18	1	90	63	77	13	56	81	6	5	86	0	44	57	15	62	80	94	72	80	57	51	41	64	31	89	92	75	3	22	6	23	43	19	90	88	23
19	58	22	76	35	12	73	84	2	11	78	39	17	40	89	47	71	91	31	69	76	36	34	10	12	0	33	59	1	78	21	24	41	25	85	83	3	58	82	44	86	88	74	4	11	51	14	40	61	9
71	4	30	27	87	75	23	82	13	6	23	31	52	40	25	66	36	89	83	29	72	21	50	51	61	57	0	80	59	86	21	30	45	89	61	94	97	10	42	39	55	44	89	31	14	55	20	75	90	35
1	12	53	96	14	20	51	60	22	52	5	54	58	78	41	37	97	18	92	20	65	1	81	57	1	63	64	0	6	84	91	22	89	91	51	86	28	25	86	73	94	45	51	49	24	20	25	36	86	20
24	71	95	64	95	33	16	92	81	22	87	96	64	61	89	53	37	40	96	42	83	34	18	40	24	58	9	10	0	86	42	96	48	7	42	70	48	56	14	17	86	66	28	95	55	81	84	9	87	74
71	91	45	92	70	18	80	36	98	30	74	72	50	5	20	31	65	37	16	60	52	87	63	18	24	28	99	28	47	0	4	12	36	93	58	2	38	51	16	8	73	40	17	95	88	28	36	83	32	55
45	53	32	2	90	69	58	55	94	8	81	78	13	58	68	70	1	68	93	68	64	25	43	50	6	98	38	17	93	3	0	15	74	3	38	40	44	21	17	29	66	10	96	15	85	57	72	86	15	80
90	73	42	49	99	71	3	43	42	15	40	66	55	56	40	75	35	98	88	7	80	91	6	97	24	98	50	41	14	76	94	0	17	4	40	18	89	64	5	69	81	30	12	91	25	32	99	18	85	98
66	68	7	98	29	22	90	84	97	35	53	56	94	28	86	31	2	70	38	15	12	25	80	99	17	46	23	40	64	26	16	71	0	49	45	15	73	43	64	28	12	70	74	62	88	67	83	26	86	9
96	78	11	79	45	8	31	12	52	96	98	34	37	4	86	95	6	56	74	57	85	56	80	72	83	21	10	90	82	28	71	59	24	0	28	76	16	10	41	43	74	38	65	42	68	71	47	66	3	66
90	31	15	40	31	3	54	49	66	39	31	98	42	76	97	5	36	1	50	95	63	91	77	5	32	17	91	3	99	21	10	65	10	38	0	78	81	14	31	61	40	16	4	28	54	78	82	11	19	86
34	30	84	66	74	89	33	80	85	4	55	75	49	4	72	37	56	33	66	77	54	35	97	71	49	87	27	2	58	34	70	95	95	25	58	0	50	25	75	78	79	26	71	7	43	40	15	80	30	8
81	54	98	4	13	42	16	34	87	43	37	62	44	91	11	63	25	3	22	18	92	73	78	26	32	84	32	72	21	9	79	80	49	4	64	47	0	24	68	18	29	77	81	65	43	66	43	15	81	38
2	95	67	95	27	11	90	95	69	27	13	43	7	7	26	80	76	69	93	96	49	26	21	75	72	28	35	70	9	20	60	94	42	96	25	35	26	0	93	38	40	91	72	17	48	46	67	60	41	36
14	89	54	34	73	11	69	98	22	65	71	1	75	72	45	14	53	83	55	32	25	1	15	33	69	29	49	28	51	61	16	45	9	20	13	48	75	12	0	20	93	3	47	29	57	59	52	61	6	6
72	96	82	87	26	39	30	76	84	5	79	79	73	11	71	71	12	86	93	30	52	56	42	82	84	48	44	84	2	32	11	1	60	94	95	44	72	3	67	0	13	6	18	52	5	5	51	82	27	28
81	50	18	76	77	80	33	70	81	52	96	86	69	23	91	58	79	61	45	15	64	83	51	6	35	28	15	28	83	46	9	72	4	70	3	39	53	98	83	86	0	23	99	74	34	5	35	40	13	78
49	18	43	56	66	26	84	52	13	29	76	75	34	57	86	51	89	32	11	26	34	21	4	16	32	29	37	90	44	17	11	13	3	76	59	77	56	27	32	8	38	0	99	52	14	18	22	53	18	13
35	77	6	80	88	81	46	20	4	53	97	49	98	77	99	46	17	79	1	46	3	30	86	65	13	18	4	72	59	90	93	28	24	37	72	79	89	69	46	60	75	4	0	20	50	72	79	51	75	18
34	65	80	59	45	18	79	85	2	75	72	33	59	62	94	92	3	78	25	83	4	92	79	53	73	68	46	30	19	73	66	40	69	84	53	61	35	76	93	70	96	75	93	0	16	58	5	51	21	1
46	65	88	14	9	27	80	11	77	42	73	40	70	70	29	44	39	13	29	47	82	48	49	58	72	17	87	25	96	12	67	72	66	95	80	15	62	81	31	30	99	40	11	24	0	40	16	11	30	80
55	44	16	3	7	40	7	55	21	36	36	9	69	77	72	2	66	92	11	66	46	14	7	10	48	60	92	76	6	96	14	33	33	42	66	47	62	90	27	31	87	57	6	6	90	0	76	70	85	78
17	97	80	51	69	84	1	72	45	7	66	22	77	98	89	46	20	13	72	35	84	65	31	99	54	91	51	20	74	48	20	84	2	57	9	55	71	66	87	23	97	64	95	23	30	98	0	11	48	29
57	79	69	37	37	4	43	38	84	99	78	61	5	78	86	54	63	98	41	26	23	4	9	58	5	43	41	12	42	33	43	81	92	17	38	94	16	18	3	29	20	5	63	14	49	5	42	0	39	76
46	20	72	88	5	42	76	6	82	88	64	72	58	88	46	99	75	38	38	44	65	67	52	67	13	48	88	9	13	58	79	47	90	28	82	59	66	38	6	82	85	52	12	48	61	91	48	48	0	93
96	81	26	56	26	44	40	66	83	26	22	86	91	55	16	18	28	61	96	84	11	11	90	16	95	60	40	85	12	73	95	53	65	70	29	20	70	46	86	5	97	50	42	81	53	6	10	58	11	0
M8
0	46	27	73	76	62	26	35	59	1	33	46	59	62	92	83	21	84	87	9	91	9	96	59	93	65	36	21	6	25	47	86	93	8	41	70	55	41	22	98	60	5	28	29	97	16	75	56	69	35
97	0	93	85	90	98	59	52	61	86	1	61	68	34	25	19	50	90	31	66	33	50	57	92	27	37	88	40	92	70	92	42	67	20	66	46	57	60	30	29	11	88	87	85	47	68	40	56	8	94
33	30	0	33	24	58	26	7	87	51	53	7	92	54	96	59	79	38	72	82	86	88	58	66	52	15	94	31	32	43	3	50	35	73	70	44	92	43	7	63	23	12	53	32	46	53	18	20	64	42
62	47	24	0	50	49	65	1	90	56	46	2	90	79	80	57	70	13	76	47	50	58	2	97	37	9	99	25	41	17	92	30	30	16	42	56	24	89	30	72	90	89	79	39	86	38	31	72	59	81
49	17	10	80	0	8	81	63	41	98	11	21	31	53	90	75	35	64	8	17	41	60	18	61	66	72	95	76	53	69	53	99	6	86	68	51	50	50	58	97	22	76	76	36	25	11	29	71	24	18
40	28	45	44	5	0	20	10	26	13	55	27	97	38	70	14	25	10	96	20	82	27	18	73	37	82	78	89	8	90	32	87	16	55	53	16	49	12	53	92	98	22	60	89	47	31	69	38	4	87
65	19	38	98	70	72	0	43	77	83	42	17	83	89	32	78	94	84	47	26	33	20	41	8	41	75	95	83	96	16	9	73	86	70	53	36	1	74	43	14	1	32	26	46	81	99	66	36	37	7
9	10	77	47	33	27	78	0	30	29	6	65	48	61	92	31	21	6	75	71	16	66	29	79	51	13	35	23	36	99	23	3	2	46	17	66	34	96	87	32	97	96	46	32	28	31	25	83	21	36
41	65	55	69	23	32	13	98	0	57	8	93	43	83	47	48	80	48	36	49	14	79	88	97	35	67	54	33	55	43	48	71	78	98	51	21	36	90	63	34	8	18	3	87	10	70	69	16	13	84
37	30	15	51	22	96	5	67	56	0	64	71	29	65	65	47	96	12	11	96	82	69	77	89	55	36	53	15	43	6	74	18	92	34	87	84	7	97	3	95	75	24	43	21	71	17	94	29	66	43
95	36	9	32	50	22	40	3	46	73	0	69	29	86	47	20	5	99	57	11	69	72	23	54	7	10	46	65	20	44	90	24	54	14	91	36	27	7	7	77	60	42	3	24	55	10	30	96	42	18
20	83	80	6	27	99	21	26	88	16	35	0	94	74	66	72	76	49	89	15	45	74	4	29	38	23	89	37	97	71	39	52	60	11	4	61	50	76	39	45	72	94	36	59	23	97	72	34	63	49
52	47	10	82	88	96	51	54	58	66	99	54	0	41	56	20	19	9	34	96	66	35	22	50	10	44	31	1	57	7	91	25	80	63	64	87	13	35	12	17	19	29	75	60	35	84	88	55	87	92
7	81	17	80	57	83	82	68	23	93	23	14	14	0	83	87	23	95	15	75	76	89	92	40	7	34	17	50	30	97	98	9	7	79	86	77	3	24	13	62	44	53	64	43	24	79	28	62	86	60
71	6	83	7	57	45	7	52	7	11	22	46	51	27	0	63	40	40	22	60	55	2	2	15	73	71	44	47	83	22	50	67	65	80	66	55	6	8	59	51	77	59	6	90	12	84	38	28	66	14
51	45	52	34	51	32	78	65	26	78	36	95	49	39	7	0	15	48	27	93	62	11	71	97	98	97	45	85	41	89	28	23	27	91	84	76	12	65	54	99	96	67	95	59	53	7	29	70	87	65
63	39	59	31	3	40	47	29	78	71	32	81	47	66	42	99	0	35	55	58	2	47	8	7	22	56	90	65	23	27	32	62	61	65	77	58	50	92	69	20	18	68	88	42	63	25	39	68	53	86
81	20	17	87	14	36	21	6	80	75	50	76	53	43	4	64	7	0	38	3	94	91	29	58	73	70	22	39	62	76	58	62	64	8	58	69	56	66	17	73	67	93	96	90	80	89	83	89	25	89
97	23	68	50	80	21	35	63	96	61	15	99	13	58	24	56	59	20	0	44	54	80	61	51	11	13	98	2	80	78	40	46	52	57	47	84	28	76	53	78	30	58	35	98	20	75	3	54	9	28
30	48	5	49	46	47	24	77	81	56	58	72	4	58	85	56	14	19	46	0	15	78	12	45	72	20	85	38	36	82	78	14	89	64	75	84	45	66	30	41	15	96	23	43	50	56	23	43	56	61
57	66	87	98	24	97	71	21	6	44	31	11	50	82	89	88	38	98	82	34	0	55	82	19	53	35	43	47	98	39	45	38	31	91	89	82	90	89	90	61	2	48	16	39	28	57	90	92	67	59
92	72	41	64	85	54	13	84	57	40	60	34	72	1	65	22	53	83	8	63	43	0	17	71	58	22	87	1	21	77	86	71	66	49	20	54	78	97	56	87	22	72	52	94	69	73	67	9	56	37
69	80	84	84	82	93	40	18	47	22	93	47	77	69	97	91	27	16	4	83	29	40	0	54	64	53	84	41	57	79	7	12	57	13	15	75	62	73	84	55	50	34	10	62	68	90	33	98	81	89
47	27	21	50	88	48	98	57	37	76	1	97	8	11	70	82	95	40	35	76	10	24	54	0	11	14	44	71	75	35	20	20	99	45	20	1	65	98	26	30	23	87	35	41	6	58	85	71	45	81
65	77	47	87	22	52	82	4	92	54	97	50	24	47	45	81	35	30	88	88	69	2	56	96	0	10	83	6	11	76	96	59	9	21	75	12	86	85	59	4	81	91	74	46	55	78	41	7	7	11
27	9	30	17	47	5	51	27	92	20	16	29	18	80	92	61	33	67	29	8	75	71	71	58	58	0	29	27	58	21	64	48	65	27	82	44	66	86	66	67	46	1	92	27	98	48	58	20	21	65
80	85	38	93	28	26	42	93	73	45	49	43	89	8	1	76	36	5	71	30	81	84	57	3	86	1	0	48	39	39	59	18	1	89	83	86	92	62	25	28	31	28	91	42	4	52	65	1	38	67
36	44	79	34	69	85	58	85	91	49	81	63	52	55	85	1	95	18	42	8	73	30	88	63	46	36	38	0	14	76	35	88	44	15	56	22	57	18	88	91	94	60	79	5	68	18	15	77	92	51
57	99	44	5	96	46	67	95	39	21	36	74	54	17	4	69	35	36	28	50	56	87	37	64	25	78	85	53	0	65	47	14	29	87	15	93	76	11	48	50	23	66	65	70	67	89	28	56	79	66
88	66	12	11	99	58	66	80	10	42	29	56	82	83	58	46	22	28	74	84	3	41	18	40	24	69	42	59	40	0	80	77	93	35	41	77	8	43	23	28	47	47	59	95	20	83	88	22	33	47
61	11	67	82	91	67	92	88	75	60	60	85	23	43	19	20	63	46	36	96	17	16	35	74	55	78	71	63	89	53	0	3	5	54	24	37	24	71	61	61	88	30	61	76	11	6	14	1	79	92
47	16	5	45	93	61	18	43	79	9	51	17	37	67	98	11	78	7	28	70	92	92	93	69	60	71	75	17	74	57	34	0	31	31	3	74	35	30	52	41	31	77	13	89	68	11	99	21	83	65
23	60	2	54	42	14	23	49	92	55	18	62	63	97	27	79	82	78	32	93	40	48	23	27	49	35	16	63	27	54	67	5	0	62	48	96	41	69	96	18	95	70	37	37	66	50	71	75	98	75
52	2	55	66	80	17	61	62	58	98	32	37	69	5	39	37	84	6	50	47	28	75	47	17	26	76	27	10	45	14	20	34	94	0	33	88	79	20	8	87	82	43	28	11	74	25	81	41	91	28
1	78	50	34	12	23	29	36	8	37	90	98	27	6	43	71	32	65	36	86	84	90	22	89	85	42	41	70	30	9	1	97	76	26	0	66	79	41	22	85	99	69	40	98	99	46	39	21	9	27
61	99	40	32	33	76	10	22	19	96	45	28	66	74	79	43	93	87	68	68	20	47	61	75	31	96	7	44	35	18	99	65	55	44	79	0	31	52	22	31	58	88	59	74	97	63	56	22	35	84
16	45	97	67	59	79	8	57	9	65	43	32	19	1	15	23	49	41	56	63	21	92	88	49	5	74	8	78	21	39	5	4	60	89	27	91	0	47	28	17	17	13	12	8	95	39	32	64	47	2
3	79	56	17	52	73	49	67	51	70	17	75	8	28	55	36	25	50	98	22	92	26	60	46	71	49	18	29	76	24	7	97	79	65	99	35	76	0	46	88	37	98	45	7	62	69	95	48	68	11
55	68	76	74	29	88	5	56	24	19	70	83	21	87	41	26	75	38	84	49	10	21	63	1	36	8	53	29	25	90	90	45	26	59	85	90	87	54	0	42	70	34	43	78	66	5	72	42	37	67
92	58	67	38	50	54	28	91	2	55	56	48	92	42	68	42	5	8	68	35	63	68	5	25	63	1	99	47	49	22	45	92	60	31	43	72	32	73	44	0	7	1	8	83	22	68	70	56	78	16
84	51	77	71	52	42	89	77	17	25	36	4	5	21	98	15	58	1	30	71	44	97	22	40	82	11	20	29	33	27	5	79	40	96	85	86	20	50	66	11	0	42	46	83	28	27	77	27	7	83
80	92	29	47	29	22	83	85	97	39	90	91	34	86	59	80	76	7	67	57	89	37	16	22	33	19	11	30	63	18	63	28	35	15	15	19	66	36	22	52	70	0	94	71	18	74	84	97	95	75
53	26	5	8	31	70	35	18	94	45	65	68	2	88	97	32	23	89	57	28	42	71	55	19	23	87	92	79	53	9	58	93	12	24	62	43	20	78	93	96	80	27	0	91	21	10	63	81	52	12
67	16	20	60	75	96	96	80	60	1	24	46	88	23	44	37	75	89	20	24	73	42	31	68	49	72	87	63	43	52	93	45	12	5	39	56	3	12	21	43	11	39	18	0	8	5	27	55	54	46
99	54	7	12	58	45	71	11	83	74	83	62	62	63	61	41	95	68	43	51	71	75	10	62	9	13	80	7	93	68	60	53	67	51	77	78	52	29	21	11	6	29	84	30	0	51	85	64	22	14
84	77	42	76	5	96	38	22	99	2	16	25	38	21	65	24	4	91	84	66	34	70	49	29	33	75	33	37	99	31	74	46	47	62	26	60	19	41	66	94	6	5	32	7	36	0	71	4	57	94
48	67	78	79	91	27	50	12	62	35	24	55	9	68	34	12	44	78	91	93	3	73	55	1	16	33	10	45	21	38	16	94	93	91	94	45	77	49	73	27	44	75	96	20	15	28	0	78	17	16
1	70	64	58	89	36	90	58	69	85	63	46	94	3	65	18	49	59	75	43	20	13	81	18	69	24	73	36	28	39	93	17	24	29	36	7	45	80	22	51	72	69	3	92	46	81	56	0	57	55
45	81	21	45	88	14	74	12	58	9	29	91	32	60	30	4	34	72	68	71	36	80	9	48	77	89	80	20	71	6	92	55	59	36	65	35	30	7	99	69	32	35	24	98	30	27	85	20	0	83
6	80	5	61	88	38	78	12	64	96	94	51	42	51	20	42	75	51	97	71	76	75	89	63	73	17	76	66	89	56	83	9	31	5	78	21	12	45	23	55	79	99	99	57	81	5	44	65	2	0
M9
0	73	45	58	81	79	94	51	61	77	6	30	36	61	29	73	4	20	31	88	52	29	17	74	6	19	16	81	30	69	54	37	81	47	90	42	20	82	83	78	49	45	20	69	40	67	19	75	49	26
99	0	44	50	84	72	18	23	52	75	77	83	9	98	93	42	7	47	82	26	54	32	11	99	28	1	88	66	83	41	45	53	43	27	77	87	3	79	17	30	70	64	53	25	31	55	7	79	9	32
48	76	0	55	92	96	92	7	83	53	69	65	10	44	66	14	52	83	83	68	3	86	35	13	17	75	29	88	26	80	50	29	63	13	85	46	92	65	20	30	56	81	91	14	68	67	3	98	21	67
95	62	84	0	24	64	88	22	71	56	80	42	51	75	63	58	59	5	78	38	33	87	19	56	54	65	75	84	44	42	78	76	42	23	61	42	11	55	78	18	21	58	50	59	89	43	30	38	80	28
3	11	94	18	0	63	73	8	10	41	52	35	27	55	65	25	3	37	72	8	60	33	95	66	75	86	60	97	1	63	27	74	85	61	69	30	43	24	50	35	36	47	92	35	64	51	36	46	9	55
46	62	47	73	96	0	6	38	24	56	11	63	23	46	47	47	95	48	1	15	33	77	90	42	76	54	69	26	10	39	39	58	78	12	3	95	90	15	94	64	42	80	97	9	85	22	13	25	39	60
53	93	90	2	83	18	0	56	12	97	45	91	24	49	4	65	94	40	2	47	96	48	60	67	98	57	79	49	82	94	65	22	91	15	56	68	18	81	38	59	65	14	22	81	44	26	39	67	94	68
73	73	38	38	24	68	97	0	25	81	31	54	22	56	70	8	96	95	10	74	10	69	4	43	41	19	81	54	29	95	33	90	66	34	72	86	92	41	61	95	67	84	71	69	32	24	5	50	90	15
26	69	53	67	51	97	38	64	0	17	9	24	45	6	37	92	20	17	44	1	84	8	32	82	23	28	57	72	35	41	36	74	34	99	55	52	76	13	12	95	49	30	67	87	96	24	64	89	83	49
61	6	21	14	78	4	95	79	53	0	94	94	90	61	7	84	83	32	7	30	41	92	37	28	85	87	1	2	22	81	83	87	82	41	13	1	30	29	95	65	27	90	61	45	60	94	30	16	2	56
72	50	36	72	20	22	69	29	53	47	0	29	71	82	14	99	38	82	66	55	6	56	56	88	7	40	70	52	84	68	88	48	31	65	48	42	12	32	13	84	56	44	61	70	95	77	54	55	58	33
49	29	58	17	61	5	38	10	92	62	55	0	30	76	85	15	57	24	48	98	95	49	58	31	78	9	64	90	43	16	73	60	40	69	42	60	39	35	37	25	53	71	85	6	4	70	48	16	79	68
89	45	66	41	34	19	69	97	28	71	35	21	0	48	53	39	35	24	15	20	94	64	9	63	9	8	16	65	73	42	93	19	59	48	92	31	66	79	87	40	70	71	27	94	4	44	97	22	46	55
50	88	23	88	32	42	42	14	37	68	3	40	61	0	23	64	49	7	10	63	79	4	19	13	99	25	42	16	96	7	38	87	59	20	7	67	32	38	95	50	80	1	52	89	88	80	94	40	63	81
57	36	41	39	42	45	15	9	84	19	11	44	95	37	0	4	7	69	39	34	73	40	51	83	14	39	81	3	67	95	32	7	35	58	53	90	63	55	31	13	98	8	90	62	25	60	59	3	18	5
12	59	84	1	1	90	59	34	35	68	87	45	76	42	16	0	32	45	76	51	11	71	85	92	85	23	97	17	56	10	16	88	71	26	87	20	8	93	67	96	23	26	42	59	22	95	75	94	30	10
64	76	69	5	21	61	69	23	31	39	62	30	49	79	63	83	0	23	32	1	65	72	62	76	42	49	52	59	4	60	72	38	6	44	15	99	11	2	56	95	9	51	61	20	54	51	78	6	51	88
70	28	89	62	70	47	84	86	86	51	3	93	74	71	57	21	45	0	77	9	4	3	85	15	15	5	25	3	18	99	59	61	26	89	43	77	86	10	71	69	22	36	48	82	19	53	81	52	26	46
86	53	2	5	39	89	47	44	32	87	88	84	13	9	1	45	10	82	0	90	47	66	27	92	25	58	25	25	87	52	44	6	98	19	43	63	41	42	93	48	4	53	8	52	98	92	52	94	92	97
93	16	25	35	1	6	28	49	97	43	84	96	48	31	84	73	12	52	68	0	62	5	83	60	59	51	37	38	56	15	13	91	86	41	98	63	60	49	40	73	43	60	54	74	65	45	89	88	58	34
28	19	50	12	93	42	77	96	21	22	91	85	80	1	62	94	71	56	10	44	0	43	39	23	58	82	17	39	79	91	95	88	24	44	2	39	20	84	28	94	11	26	97	23	14	41	81	18	61	60
78	32	72	33	57	29	30	97	97	33	60	67	93	86	33	51	3	45	46	37	51	0	54	50	20	39	6	17	60	96	56	88	87	76	61	34	99	8	58	1	14	28	92	58	67	71	83	53	94	83
67	24	98	91	58	58	14	46	28	73	23	11	87	62	71	78	13	43	3	26	66	84	0	90	47	98	12	61	17	19	15	13	83	86	99	89	85	64	70	66	46	12	27	36	90	28	8	24	84	83
28	70	95	67	84	35	19	63	21	40	25	37	87	42	19	69	33	99	19	91	10	80	91	0	10	85	24	3	5	88	54	74	54	31	3	54	30	93	96	36	32	50	15	86	94	79	15	80	61	98
88	29	14	87	6	62	10	21	34	17	48	8	65	3	90	10	70	90	84	93	73	16	84	28	0	18	98	51	40	55	37	93	85	85	4	64	7	34	65	31	68	33	3	2	9	56	3	38	34	14
43	19	56	5	4	29	49	1	56	79	54	85	35	78	95	93	85	33	55	6	34	27	29	8	34	0	14	71	21	80	26	87	44	5	75	40	78	70	12	68	34	57	54	49	23	93	13	46	81	65
68	15	5	27	81	65	65	83	39	18	50	23	66	71	41	17	56	94	26	14	9	8	13	2	63	89	0	79	13	74	68	91	87	76	52	60	31	14	7	33	27	44	6	27	91	55	95	57	75	24
58	25	59	29	51	47	91	97	78	62	67	25	6	35	46	23	26	49	57	73	44	59	41	1	35	32	23	0	69	89	14	26	94	56	98	56	16	49	72	28	61	59	74	8	9	19	93	90	27	81
90	47	46	35	12	5	88	42	41	33	70	92	4	65	43	7	14	82	44	15	40	17	60	16	14	62	53	78	0	20	17	70	56	50	65	47	97	79	97	94	5	24	12	2	60	87	44	6	15	85
44	21	25	25	63	14	66	73	36	68	73	37	75	89	73	38	5	26	18	70	2	16	38	48	28	88	60	99	61	0	71	72	71	69	87	20	21	73	44	73	42	10	46	5	36	68	79	47	13	83
64	43	15	1	55	96	74	26	41	78	43	71	90	65	74	16	18	7	42	59	85	36	6	40	62	86	81	49	94	80	0	73	48	78	86	62	77	24	74	59	26	51	9	89	76	69	65	46	68	18
54	23	28	77	91	41	62	75	48	6	22	44	64	69	69	15	24	80	20	41	5	54	26	92	65	83	34	72	33	79	37	0	27	95	18	94	67	18	24	86	26	33	14	42	97	81	90	47	55	96
62	16	34	59	8	99	25	71	39	48	24	19	14	58	17	28	4	70	12	31	24	1	39	98	78	19	81	1	75	6	12	9	0	16	54	36	49	62	98	86	67	40	80	3	64	36	95	92	14	74
72	73	88	7	68	21	16	45	12	80	80	8	97	32	28	73	27	91	25	54	48	1	7	41	39	47	95	75	39	91	79	46	16	0	25	82	33	30	60	71	28	30	36	70	15	1	93	88	84	25
49	74	19	53	75	56	67	86	54	31	9	6	85	13	56	20	45	47	57	2	32	63	12	37	48	7	69	20	10	86	22	43	68	27	0	82	93	97	96	14	35	76	77	56	38	75	68	59	5	21
57	33	78	88	6	52	47	75	16	91	85	25	82	76	77	15	49	71	27	39	26	46	51	27	32	84	7	99	64	34	91	47	22	6	29	0	69	27	75	26	32	14	45	58	15	2	60	26	62	48
4	85	54	52	99	50	74	77	6	7	26	82	75	4	26	93	16	1	94	67	76	90	91	4	39	20	92	33	6	85	91	68	93	79	81	98	0	80	1	46	88	76	61	55	68	3	64	68	62	3
18	68	83	22	10	86	80	28	83	98	30	65	58	92	94	50	96	40	5	65	21	27	29	99	21	23	33	53	2	93	56	97	78	77	44	48	3	0	6	26	13	85	11	9	12	45	62	51	80	97
32	21	99	83	60	49	22	60	96	49	84	42	26	43	29	59	90	35	62	43	93	11	37	90	37	51	38	49	7	99	84	25	44	14	3	11	46	92	0	38	81	76	56	75	16	99	31	19	14	60
53	41	53	58	96	93	89	19	2	59	77	38	41	56	92	45	63	60	75	44	86	84	16	94	56	25	52	58	66	86	71	20	11	33	9	59	33	18	1	0	31	70	7	34	76	19	88	94	85	63
31	6	69	52	46	17	18	16	51	85	49	33	45	37	89	33	54	35	19	58	90	66	79	30	36	29	50	10	66	98	99	21	42	76	97	97	52	68	44	63	0	93	48	32	57	5	95	68	60	94
12	14	1	38	57	6	19	22	71	96	35	73	53	5	60	91	18	59	20	75	77	4	95	12	76	69	1	68	4	40	48	12	67	80	77	33	71	82	37	59	73	0	59	50	84	78	99	16	49	11
45	6	36	80	63	69	86	7	35	65	36	98	70	63	35	83	13	93	91	32	14	50	61	46	90	54	73	74	68	39	53	86	2	30	99	39	18	9	17	79	12	94	0	4	92	9	88	62	92	61
45	77	89	40	89	65	6	49	82	7	16	75	93	12	29	36	57	75	42	97	98	24	33	85	68	59	74	87	20	63	79	36	16	98	20	31	47	27	67	3	10	48	56	0	69	58	7	73	10	42
20	5	66	91	48	10	54	6	91	9	20	69	78	80	5	77	7	27	91	81	21	48	28	50	56	24	79	26	85	6	44	26	33	67	18	1	51	53	21	66	78	38	4	59	0	18	82	91	94	2
41	57	14	44	68	7	57	83	23	22	2	70	65	19	41	61	98	82	6	15	9	99	46	98	80	19	29	60	25	79	17	27	18	99	30	14	48	30	23	78	36	92	8	50	41	0	70	9	96	94
19	49	40	21	9	83	22	32	30	32	58	97	9	84	71	40	20	80	66	10	96	79	87	22	70	77	86	74	92	38	74	74	22	38	50	40	75	54	16	64	80	34	31	44	77	28	0	69	18	54
78	59	77	14	95	47	16	18	60	10	59	39	28	77	87	19	43	85	15	37	72	42	25	2	17	71	56	43	65	1	87	69	3	69	75	95	82	94	28	80	19	22	40	18	66	34	8	0	69	99
11	96	35	93	58	39	3	73	40	80	19	3	90	12	67	94	95	31	64	87	59	46	85	30	95	11	98	31	16	36	64	7	9	37	22	9	18	7	79	15	68	15	76	39	9	79	81	60	0	56
73	49	98	66	37	43	84	70	22	6	87	41	99	30	28	81	92	55	51	68	8	8	62	60	6	45	58	71	7	78	71	88	33	88	43	37	40	48	86	61	71	24	91	72	53	24	89	54	17	0
