50  10  1
10
	0	56	1	57	2	21	3	11	4	91	5	25	6	74	7	55	8	22	9	26
	0	29	1	22	2	76	3	46	4	86	5	90	6	57	7	49	8	1	9	59
	0	100	1	37	2	17	3	38	4	40	5	24	6	99	7	27	8	80	9	7
	0	97	1	66	2	70	3	64	4	26	5	28	6	15	7	28	8	26	9	67
	0	81	1	5	2	54	3	70	4	55	5	42	6	11	7	51	8	99	9	64
	0	20	1	92	2	88	3	26	4	86	5	40	6	23	7	59	8	19	9	81
	0	69	1	10	2	9	3	74	4	42	5	82	6	63	7	8	8	71	9	55
	0	52	1	17	2	77	3	24	4	35	5	64	6	73	7	85	8	54	9	77
	0	61	1	68	2	11	3	5	4	81	5	78	6	73	7	21	8	48	9	22
	0	75	1	97	2	72	3	5	4	8	5	10	6	50	7	28	8	10	9	78
	0	76	1	40	2	8	3	26	4	9	5	7	6	68	7	18	8	89	9	9
	0	57	1	21	2	100	3	74	4	23	5	86	6	14	7	10	8	45	9	55
	0	65	1	5	2	11	3	27	4	38	5	83	6	21	7	54	8	76	9	60
	0	40	1	41	2	33	3	30	4	21	5	69	6	30	7	62	8	93	9	72
	0	93	1	6	2	83	3	39	4	78	5	33	6	3	7	3	8	7	9	52
	0	40	1	65	2	84	3	86	4	14	5	50	6	52	7	93	8	98	9	87
	0	13	1	73	2	21	3	76	4	26	5	88	6	90	7	69	8	52	9	90
	0	98	1	95	2	11	3	38	4	17	5	86	6	65	7	37	8	92	9	98
	0	60	1	49	2	65	3	27	4	69	5	36	6	18	7	73	8	28	9	54
	0	6	1	92	2	60	3	3	4	18	5	38	6	25	7	90	8	82	9	3
	0	47	1	80	2	12	3	79	4	99	5	26	6	63	7	22	8	39	9	15
	0	26	1	90	2	57	3	57	4	98	5	69	6	47	7	13	8	2	9	27
	0	16	1	46	2	36	3	52	4	25	5	25	6	88	7	62	8	78	9	26
	0	34	1	100	2	43	3	8	4	13	5	45	6	47	7	59	8	45	9	6
	0	88	1	36	2	37	3	75	4	66	5	50	6	88	7	69	8	97	9	64
	0	90	1	71	2	96	3	12	4	97	5	52	6	22	7	51	8	87	9	55
	0	21	1	100	2	56	3	39	4	24	5	43	6	22	7	41	8	78	9	89
	0	8	1	98	2	5	3	8	4	52	5	26	6	36	7	13	8	53	9	58
	0	61	1	25	2	53	3	90	4	84	5	61	6	19	7	81	8	75	9	34
	0	64	1	4	2	67	3	30	4	26	5	52	6	36	7	41	8	7	9	40
	0	49	1	29	2	17	3	64	4	92	5	78	6	92	7	92	8	100	9	46
	0	81	1	18	2	36	3	22	4	4	5	97	6	25	7	66	8	53	9	27
	0	14	1	65	2	63	3	71	4	17	5	49	6	94	7	21	8	78	9	45
	0	80	1	42	2	46	3	61	4	58	5	65	6	59	7	32	8	77	9	97
	0	72	1	65	2	33	3	82	4	77	5	70	6	4	7	29	8	99	9	64
	0	68	1	79	2	79	3	76	4	26	5	94	6	53	7	3	8	78	9	80
	0	12	1	91	2	99	3	74	4	92	5	28	6	36	7	69	8	24	9	95
	0	18	1	46	2	52	3	98	4	37	5	37	6	97	7	72	8	58	9	53
	0	21	1	55	2	55	3	30	4	15	5	35	6	88	7	90	8	38	9	53
	0	68	1	16	2	53	3	1	4	67	5	90	6	40	7	37	8	76	9	44
	0	11	1	31	2	24	3	15	4	21	5	86	6	94	7	17	8	68	9	21
	0	18	1	58	2	34	3	3	4	26	5	73	6	77	7	51	8	80	9	50
	0	21	1	72	2	25	3	66	4	77	5	87	6	33	7	69	8	78	9	60
	0	27	1	57	2	53	3	43	4	99	5	61	6	41	7	87	8	74	9	12
	0	19	1	99	2	80	3	65	4	16	5	38	6	13	7	3	8	26	9	73
	0	28	1	42	2	32	3	50	4	78	5	19	6	16	7	51	8	91	9	17
	0	25	1	34	2	53	3	81	4	93	5	74	6	40	7	14	8	60	9	70
	0	17	1	61	2	35	3	76	4	84	5	16	6	81	7	53	8	67	9	16
	0	33	1	86	2	53	3	13	4	83	5	89	6	29	7	16	8	61	9	84
	0	79	1	67	2	33	3	57	4	43	5	86	6	78	7	5	8	44	9	85
SSD
M0
0	4	11	17	28	31	6	9	41	34	2	29	6	37	9	36	41	35	3	23	24	30	31	40	40	43	46	1	24	32	27	48	28	47	20	3	20	1	28	7	33	30	6	41	43	20	16	48	25	36
16	0	37	30	11	29	15	21	4	36	30	21	9	43	43	45	9	18	41	4	7	23	23	43	31	31	26	22	8	16	19	44	25	5	12	24	3	14	48	31	21	43	31	21	6	47	46	14	27	20
44	3	0	9	5	22	49	9	3	49	43	5	31	47	26	25	1	38	28	19	9	3	42	38	44	40	16	11	10	45	39	32	45	8	14	43	31	34	38	1	26	37	10	13	3	33	34	49	38	41
42	47	31	0	9	37	14	2	1	43	20	19	25	19	46	21	12	14	28	4	19	13	11	40	28	23	41	39	23	20	2	13	33	42	8	44	24	11	22	6	16	45	29	32	19	35	32	33	24	3
9	22	5	39	0	10	17	18	38	4	24	11	24	30	24	11	28	47	4	25	22	5	31	2	13	42	26	8	11	44	22	44	6	10	25	42	44	34	8	14	9	14	5	39	26	21	29	6	26	42
12	15	45	17	34	0	33	38	13	49	19	8	29	36	12	26	34	2	9	21	38	46	33	39	43	1	48	42	4	42	33	38	49	15	14	17	35	3	43	16	3	17	30	22	24	31	45	39	15	30
48	25	39	3	5	38	0	16	1	25	29	49	37	45	44	3	3	21	34	49	9	29	39	23	16	13	42	7	21	5	2	14	36	34	24	25	22	14	11	9	13	4	29	20	40	31	46	14	10	3
11	16	2	44	2	42	1	0	40	43	48	24	30	41	19	41	7	49	47	37	10	15	5	16	17	24	19	38	11	25	27	17	2	23	7	18	6	1	31	47	31	39	11	17	48	13	2	8	31	46
25	11	1	8	39	7	46	35	0	40	24	42	36	12	46	32	10	13	24	38	30	16	49	1	32	46	34	24	46	10	45	46	24	43	36	3	1	2	1	19	20	21	46	19	10	19	19	30	23	39
17	26	39	25	22	15	11	49	16	0	4	1	18	8	13	4	5	42	46	3	35	36	10	26	39	14	17	4	26	46	6	28	10	27	18	25	41	48	34	5	7	10	19	7	35	41	14	20	26	38
19	24	38	18	43	38	12	38	49	1	0	43	37	41	6	11	19	17	36	2	31	20	29	43	22	39	24	43	40	5	20	42	13	20	26	12	22	39	30	2	41	16	10	6	42	40	46	49	34	40
23	46	44	28	41	31	13	17	34	9	41	0	14	17	4	40	7	22	11	43	18	12	9	2	47	14	29	10	30	7	46	2	16	34	21	29	13	33	27	2	39	49	22	25	42	34	28	26	48	25
44	46	43	35	27	3	13	25	8	30	12	6	0	40	29	27	21	24	47	28	36	34	15	32	4	5	17	16	11	49	7	25	48	25	14	31	37	41	37	17	27	15	39	8	25	35	7	23	35	9
30	24	21	45	35	2	10	8	39	28	47	18	1	0	25	7	21	2	42	44	28	5	46	34	5	18	13	9	1	8	10	30	29	29	48	44	44	2	42	3	11	7	1	9	48	11	47	16	3	31
36	23	4	10	26	32	6	40	45	18	25	35	4	9	0	47	14	46	4	7	13	34	47	22	28	24	23	26	18	3	41	44	45	19	24	27	17	15	34	30	26	46	24	13	28	32	25	28	25	11
33	49	22	39	31	27	8	14	30	48	39	9	1	25	7	0	46	39	49	45	7	30	16	39	28	11	32	4	32	33	38	21	33	6	32	40	8	19	43	45	6	35	32	21	47	12	27	46	19	48
12	22	30	34	31	37	28	28	20	13	2	40	49	31	2	33	0	4	35	23	2	15	33	10	7	9	43	8	42	38	16	38	20	47	31	1	37	23	25	3	36	30	39	48	2	39	5	3	15	5
33	6	43	16	9	9	24	26	16	39	13	47	36	49	10	31	15	0	17	6	17	48	35	13	30	46	39	25	37	9	20	38	19	16	10	38	49	5	9	32	1	33	4	42	49	47	1	13	28	20
15	32	18	1	29	44	7	32	2	18	26	31	35	29	21	22	26	3	0	46	47	35	39	13	20	21	3	42	10	32	10	45	2	13	34	10	17	11	33	12	24	25	40	43	29	27	3	24	47	27
29	18	10	41	15	11	34	20	15	28	2	36	24	33	24	16	5	4	29	0	29	43	14	34	7	49	32	29	22	11	38	46	26	38	3	6	47	44	9	16	43	2	14	22	49	13	30	5	15	15
42	14	6	5	47	5	6	9	36	27	45	44	9	29	15	25	20	46	2	24	0	36	34	42	36	8	40	9	25	18	20	35	9	44	39	36	7	14	12	39	26	7	38	19	33	28	13	27	9	17
37	21	14	41	44	26	42	25	44	46	46	20	5	37	9	12	21	37	6	31	11	0	37	16	46	49	12	44	25	22	26	37	18	27	46	40	36	32	18	45	33	40	44	1	2	47	17	10	20	19
48	20	33	42	37	40	11	14	42	34	23	37	13	31	30	10	42	38	3	14	46	20	0	4	6	31	1	16	46	4	36	27	35	33	29	20	26	39	12	14	7	25	45	36	47	24	40	37	25	44
10	34	39	7	43	12	38	33	46	12	7	15	35	20	20	25	29	8	15	2	45	18	22	0	23	12	21	48	30	38	2	4	12	17	45	40	47	42	37	3	24	27	28	38	1	32	11	16	34	28
31	45	44	6	43	21	45	4	22	42	37	23	14	26	27	38	15	31	31	45	13	35	27	20	0	43	11	47	27	46	9	39	45	40	34	46	10	12	39	2	28	28	39	37	22	46	12	42	14	36
7	31	30	27	40	9	41	31	48	27	44	46	31	43	18	49	30	46	22	3	27	47	35	19	5	0	7	35	48	29	37	46	24	44	28	27	21	43	39	44	2	36	46	36	15	10	23	42	42	14
46	12	43	8	35	9	16	13	6	39	48	38	10	4	5	5	16	16	38	37	30	20	11	12	45	30	0	31	15	27	29	18	49	5	46	20	21	17	22	31	43	33	38	4	45	33	15	24	28	45
28	29	38	46	1	3	22	4	30	5	13	26	3	40	32	41	45	21	30	40	37	18	36	20	10	49	2	0	2	25	41	40	29	44	46	27	46	4	16	21	31	13	23	14	14	2	42	39	36	27
38	15	2	6	22	33	32	8	3	49	32	39	35	45	41	48	46	8	39	36	28	19	25	35	5	22	6	26	0	22	29	31	14	19	24	46	16	30	38	24	13	7	30	17	29	49	32	14	24	40
3	28	43	10	34	19	27	44	35	42	40	43	44	25	25	13	28	14	43	20	9	32	31	34	27	17	26	43	21	0	40	4	42	3	18	10	20	41	30	43	18	48	35	22	37	8	30	34	23	16
45	5	11	12	29	43	38	18	19	28	44	12	23	24	21	20	8	6	14	22	10	18	29	1	19	11	2	25	16	14	0	9	46	27	3	13	19	22	9	47	27	30	45	46	40	27	21	48	35	47
41	34	15	47	8	11	22	49	13	1	32	14	37	31	48	43	28	30	10	5	8	24	20	33	49	7	22	25	29	3	48	0	31	17	17	16	15	46	24	41	8	42	13	2	15	29	6	19	26	12
5	23	5	2	5	11	29	28	4	5	49	37	12	31	4	16	37	27	21	43	10	30	44	33	36	32	20	14	4	24	7	23	0	22	1	35	25	9	4	46	30	27	19	46	32	11	21	6	16	16
11	9	33	37	5	36	27	33	8	41	19	46	3	11	17	10	44	45	36	31	2	32	19	37	25	18	5	38	28	27	29	11	31	0	7	28	7	26	30	32	33	45	1	20	14	10	15	38	33	12
18	24	47	48	10	21	9	19	30	42	36	30	3	7	24	14	28	14	42	48	46	18	31	41	29	44	36	21	42	21	4	19	21	1	0	13	36	22	25	32	27	6	38	48	26	19	38	47	39	22
3	3	23	28	18	40	26	18	22	48	32	12	35	21	36	10	2	11	47	35	35	17	6	30	30	28	33	5	3	14	45	23	34	23	43	0	41	30	39	11	21	30	39	9	43	42	27	44	22	42
2	13	40	17	37	45	47	13	26	39	42	16	1	28	48	21	15	48	24	15	23	39	49	48	4	34	2	39	6	28	32	12	27	6	48	49	0	32	20	13	28	1	49	8	32	23	38	4	4	24
22	37	45	3	37	26	10	38	13	49	13	32	31	1	25	7	43	44	25	11	33	41	19	15	41	25	44	40	35	28	47	21	42	14	8	6	13	0	32	44	42	18	1	36	22	4	21	24	41	39
36	1	44	20	8	31	31	10	19	34	1	36	46	43	7	30	11	3	26	5	13	33	22	43	12	23	33	3	22	24	6	2	4	44	25	49	46	8	0	22	21	7	21	44	13	18	11	11	6	8
43	26	36	18	12	36	1	39	25	15	42	20	19	9	31	49	40	8	22	5	46	9	10	9	12	7	47	37	39	41	27	5	7	30	10	13	12	47	22	0	38	31	7	43	14	27	34	24	49	33
16	20	37	43	19	29	38	4	9	25	34	1	36	3	27	32	34	12	20	18	22	10	11	18	42	35	38	41	48	21	2	31	38	8	10	45	33	4	10	29	0	16	41	25	38	13	32	21	23	47
11	23	17	31	34	5	3	43	3	15	33	43	8	25	9	30	32	48	2	36	27	34	13	35	46	10	22	15	11	7	46	44	7	14	44	47	36	19	39	26	38	0	48	47	41	15	16	1	15	21
39	11	19	12	19	14	15	1	22	47	17	29	25	32	20	30	48	36	1	26	46	20	45	40	29	5	44	17	38	5	29	34	28	22	22	41	21	33	43	17	35	38	0	22	20	43	23	32	46	38
31	23	33	31	25	49	16	33	5	31	31	31	34	28	16	22	37	42	16	43	6	3	20	4	41	14	13	47	24	7	2	10	18	49	9	12	24	27	29	21	18	12	22	0	6	15	33	40	36	6
31	9	38	10	14	37	18	29	1	31	47	7	34	22	44	34	22	19	27	24	8	49	39	44	23	48	46	34	32	13	48	32	42	11	4	7	40	7	5	2	24	42	26	4	0	25	20	38	22	32
3	13	21	15	6	19	9	33	13	11	45	28	23	45	18	35	31	36	2	38	21	26	34	2	10	39	10	3	37	45	21	30	19	1	49	10	30	25	11	36	11	26	14	42	41	0	23	17	20	2
32	32	3	31	26	28	32	38	16	36	9	46	30	22	16	44	22	30	48	16	11	28	9	35	46	18	12	20	40	33	16	20	32	29	22	44	39	8	42	31	6	5	49	6	17	20	0	45	26	5
24	26	12	12	11	3	22	44	48	38	44	14	23	40	8	25	10	26	25	30	27	35	34	32	2	1	2	41	6	28	30	26	30	31	22	1	38	1	2	19	12	43	31	21	42	18	2	0	49	27
34	45	1	14	48	36	42	26	1	6	47	23	29	43	8	35	40	11	34	12	14	49	39	27	12	29	48	47	28	11	40	27	9	33	39	22	42	24	4	40	8	19	41	19	14	20	23	15	0	26
47	4	14	32	35	47	24	45	19	45	45	1	13	29	41	3	26	17	31	12	26	9	21	44	27	38	36	4	36	39	32	48	8	36	46	26	24	10	49	15	14	19	46	22	6	47	39	12	14	0
M1
0	41	47	25	17	21	7	49	45	14	23	25	35	24	39	11	26	45	42	43	24	14	11	4	7	37	8	32	6	23	29	22	49	6	2	34	16	27	49	30	23	3	26	6	33	41	26	9	42	29
7	0	10	38	20	29	14	27	29	40	25	48	31	9	11	37	36	49	17	34	36	16	8	39	2	43	29	13	4	21	26	7	19	24	31	15	12	40	15	33	32	5	46	40	44	13	46	41	46	26
32	31	0	31	35	22	8	17	22	32	26	20	41	41	21	32	1	43	46	44	41	39	15	45	13	49	8	35	15	40	33	35	38	16	9	17	49	27	23	14	14	6	47	46	41	22	49	24	21	10
20	46	45	0	38	46	28	26	38	45	21	26	44	41	34	21	33	13	20	13	45	11	19	17	44	18	40	15	29	10	31	45	23	17	20	26	30	31	47	9	22	16	18	45	1	49	13	34	29	35
40	46	14	30	0	18	33	47	49	3	42	15	27	27	9	4	13	38	21	47	9	34	23	15	6	41	14	45	1	24	15	27	12	1	30	38	21	10	14	17	24	34	45	20	36	20	22	3	29	48
32	40	45	27	35	0	32	17	1	5	4	42	6	23	30	23	47	11	38	7	48	13	8	42	32	31	31	27	5	24	48	30	19	24	26	44	24	10	45	23	7	34	42	31	33	47	18	42	47	47
1	41	3	31	33	24	0	43	45	21	44	10	26	1	26	41	24	37	38	36	14	30	17	16	6	22	31	14	1	2	41	41	11	30	12	48	25	5	10	10	23	10	45	47	17	46	20	30	23	23
41	33	13	15	11	32	11	0	41	11	42	23	20	33	43	36	46	36	23	48	42	8	22	37	4	38	19	12	49	12	24	26	49	3	44	26	31	35	9	27	43	48	48	27	40	25	38	23	35	17
25	8	17	48	20	1	4	42	0	9	1	8	44	31	1	47	49	9	21	16	43	44	24	10	27	45	6	11	21	35	32	1	35	11	8	5	30	38	10	1	33	34	49	42	6	34	28	17	44	28
18	10	4	36	8	16	39	34	24	0	7	19	16	39	11	6	49	8	36	20	12	5	27	42	2	49	8	27	38	2	22	30	12	36	8	9	31	22	27	32	48	24	32	10	34	33	2	27	17	14
44	6	22	12	8	10	49	19	35	35	0	22	30	44	32	31	47	7	17	22	1	1	12	8	25	22	31	16	15	25	26	2	36	18	44	46	43	8	30	5	2	34	3	34	33	31	8	15	22	9
8	46	14	36	39	18	20	36	13	11	49	0	49	14	3	33	47	13	14	4	33	9	25	15	45	45	49	45	47	45	6	33	21	29	45	20	23	34	19	28	19	32	40	15	10	35	28	17	28	8
48	32	34	5	8	6	37	23	13	14	23	19	0	3	5	4	2	4	18	42	24	35	45	38	8	49	4	8	13	46	46	10	43	21	10	49	35	32	43	6	39	43	49	5	30	19	10	19	12	4
43	18	40	28	41	45	5	6	19	10	5	35	35	0	46	7	3	4	10	25	14	25	28	46	31	26	7	14	24	24	35	18	28	20	14	25	43	15	17	33	48	29	2	49	34	44	44	2	10	18
37	5	3	22	9	36	39	30	8	39	49	22	25	46	0	6	11	36	25	12	38	11	46	40	17	32	19	43	39	15	2	9	48	47	14	36	34	31	48	7	14	5	6	38	31	14	43	11	16	31
44	48	9	12	42	17	26	19	16	20	33	23	2	11	27	0	45	47	35	33	10	15	39	39	10	43	40	28	29	26	20	24	37	44	6	2	35	14	35	15	44	25	33	41	38	14	26	23	26	9
5	21	35	15	21	35	3	17	19	40	7	28	3	13	35	44	0	19	16	25	47	26	4	10	14	14	29	32	22	15	47	29	6	37	21	28	19	5	40	27	22	44	46	32	7	30	47	46	20	10
28	5	27	43	27	31	31	2	14	32	29	30	46	34	6	8	35	0	38	43	19	9	47	36	1	27	47	36	18	33	33	3	34	40	24	28	11	34	39	8	44	12	20	6	27	5	12	33	29	40
45	2	12	8	39	19	28	12	48	10	32	11	1	32	35	28	14	21	0	29	34	34	9	4	42	28	43	7	47	24	17	48	39	5	47	6	17	48	12	31	32	32	41	33	10	42	7	38	46	35
22	19	3	31	27	48	23	46	4	16	35	26	45	46	11	4	32	46	30	0	36	39	22	19	3	15	33	1	46	28	6	24	24	40	23	26	11	41	10	25	17	17	3	20	11	14	41	9	8	49
2	4	29	7	22	5	17	32	38	39	42	8	36	14	48	30	9	7	23	11	0	28	19	35	33	11	38	17	24	35	13	10	39	11	8	22	3	16	25	36	17	5	21	48	13	10	47	5	42	15
8	32	26	3	25	3	23	31	18	21	33	15	30	34	36	37	26	24	45	44	12	0	23	10	34	30	26	20	46	32	18	20	4	7	18	12	45	15	22	23	4	25	43	9	3	40	32	17	16	6
13	38	14	1	47	22	29	37	28	9	46	48	42	49	9	44	27	22	26	13	3	44	0	15	12	44	22	8	4	35	6	6	5	30	15	35	27	32	35	35	3	48	19	48	5	9	15	36	25	26
45	27	41	6	14	49	20	26	5	22	1	3	20	38	47	37	40	33	28	3	49	2	25	0	23	45	27	34	31	43	18	16	42	1	38	26	46	30	39	29	32	41	23	41	23	20	15	20	9	14
41	40	39	35	19	40	28	43	38	46	48	7	6	47	24	38	12	40	45	9	15	9	48	28	0	25	11	13	14	14	23	36	15	3	4	27	31	30	25	32	20	26	27	32	21	24	13	34	44	9
13	27	38	4	15	1	14	26	19	21	3	33	18	30	6	23	5	4	47	23	40	44	44	18	37	0	28	47	20	20	1	32	1	17	16	24	31	42	7	9	10	4	21	31	44	32	15	30	15	34
10	11	35	39	17	39	30	12	16	40	15	39	21	2	19	33	46	42	20	24	26	26	43	24	17	40	0	42	5	31	15	3	32	42	22	1	11	41	36	9	16	49	49	2	5	6	30	6	38	3
38	40	32	10	38	33	21	43	13	42	38	37	17	22	40	2	45	1	33	2	23	38	35	16	21	45	13	0	34	30	14	12	23	27	10	25	48	24	16	7	12	30	35	48	8	27	17	1	40	21
15	23	23	44	39	35	29	41	35	23	3	45	5	33	3	42	45	1	26	21	18	21	13	15	32	17	33	18	0	42	6	17	5	21	34	22	3	14	6	31	46	31	11	20	2	1	33	37	39	11
46	19	20	46	28	16	35	19	34	21	43	13	48	42	21	43	10	7	8	3	13	44	13	18	11	16	7	34	44	0	27	39	17	36	41	23	46	20	21	5	2	7	43	39	4	24	32	18	5	30
27	24	30	46	19	13	1	25	34	49	48	47	29	37	21	33	3	36	48	14	6	29	12	4	42	25	49	27	6	10	0	25	17	24	27	6	25	34	14	9	15	34	4	46	26	1	45	32	37	1
25	17	2	26	12	2	8	22	49	47	4	35	31	22	26	29	44	24	40	1	28	44	9	45	22	41	14	4	45	2	39	0	26	9	2	3	18	47	45	15	7	46	3	1	49	37	11	4	16	16
16	13	5	11	30	45	9	40	5	45	7	39	33	16	12	17	36	9	44	29	43	34	35	29	29	15	29	1	6	35	2	34	0	45	35	12	13	15	29	36	26	22	7	28	48	26	33	30	34	43
42	2	39	15	38	13	45	5	45	8	16	17	41	39	1	13	29	18	29	17	26	3	30	35	33	44	12	27	45	46	5	27	47	0	9	11	4	12	12	22	14	41	26	45	2	34	30	25	6	40
47	49	28	15	1	34	48	12	32	41	31	45	17	25	28	46	19	17	25	5	19	21	5	2	25	21	17	13	12	21	41	40	4	9	0	15	40	40	3	25	30	25	17	30	14	38	4	22	36	12
25	19	28	41	34	32	27	3	46	17	15	16	12	29	27	19	35	14	8	45	30	39	27	8	36	14	19	49	3	20	39	46	2	45	8	0	49	35	13	19	9	41	3	15	13	26	7	24	3	3
35	37	10	45	26	41	21	19	21	19	31	43	18	6	10	3	39	33	29	32	24	30	47	48	23	27	18	2	3	30	45	27	12	11	40	10	0	29	14	9	4	37	9	6	4	46	10	20	32	8
7	37	13	3	13	29	27	25	5	35	31	27	21	16	23	48	26	13	14	3	34	19	48	44	23	36	17	23	2	21	35	29	42	41	48	44	21	0	14	8	3	37	12	15	26	46	13	46	25	41
17	33	11	44	3	30	23	33	26	25	47	7	39	6	5	19	30	41	8	9	18	40	48	5	34	11	31	33	11	49	40	29	11	22	28	38	16	45	0	3	1	22	27	9	28	27	28	11	29	7
26	10	32	13	44	2	23	33	34	11	34	16	26	19	27	19	21	41	7	19	11	9	23	11	28	27	42	17	34	44	28	39	19	27	46	22	8	48	47	0	28	6	15	28	14	19	7	33	31	47
43	45	23	13	15	38	23	40	9	5	21	48	24	33	15	20	48	9	22	38	26	23	31	4	31	17	16	12	23	10	4	7	41	47	48	7	42	20	26	35	0	47	42	28	41	44	27	35	9	21
27	46	16	16	30	46	15	32	32	16	34	8	34	10	31	48	11	14	17	10	34	34	37	20	12	8	27	19	6	21	49	3	10	31	35	48	40	18	31	24	28	0	33	12	27	43	40	37	42	29
46	39	34	31	48	32	39	43	9	14	36	25	5	35	12	15	14	15	2	11	32	3	2	36	20	11	16	42	49	24	7	1	24	36	30	1	15	9	2	44	8	5	0	8	8	40	44	27	4	39
40	2	39	17	36	39	15	3	45	34	45	11	22	39	23	30	43	10	23	18	17	39	46	10	49	15	39	44	36	35	36	6	18	21	10	41	46	4	44	41	24	15	31	0	12	43	44	45	2	13
31	13	36	10	23	9	1	38	15	17	3	49	37	24	13	24	30	46	15	3	39	35	21	47	12	42	9	32	39	17	29	17	4	26	36	49	3	14	43	11	35	3	14	10	0	39	30	17	2	48
12	40	33	31	21	8	14	3	35	23	15	49	37	7	48	30	6	30	7	18	22	30	45	28	21	47	20	12	17	26	17	41	4	10	23	46	13	45	14	36	27	42	2	12	8	0	34	20	14	34
18	5	43	20	34	20	17	10	36	18	34	48	5	3	25	12	10	14	40	45	9	32	37	2	21	31	23	30	13	11	6	30	43	28	35	17	4	5	48	20	30	23	43	39	19	13	0	8	12	15
6	49	31	49	1	49	4	29	26	39	7	1	23	4	2	40	16	38	2	19	15	42	17	45	36	41	5	40	21	2	18	42	4	48	7	49	43	42	41	6	42	28	41	7	26	3	46	0	34	16
31	36	37	10	38	28	16	41	36	12	42	19	11	35	2	21	46	36	18	31	5	38	3	16	17	38	45	12	44	47	42	32	28	10	47	43	4	44	40	3	47	26	5	20	42	4	43	28	0	37
10	43	25	1	27	40	15	42	2	35	37	23	29	23	25	28	36	14	15	23	20	33	17	6	16	10	5	46	3	10	2	1	39	45	36	17	9	6	41	1	37	47	33	24	2	27	14	15	7	0
M2
0	32	17	8	24	29	14	1	1	44	25	24	1	31	25	49	18	19	16	11	43	1	26	2	2	10	47	35	15	44	23	9	36	27	38	39	35	24	6	32	48	48	2	23	3	35	41	34	11	41
13	0	15	8	45	36	12	3	49	47	40	7	8	34	14	18	48	10	24	49	35	34	11	30	17	24	37	5	36	46	40	11	17	18	32	38	25	17	9	47	3	22	20	4	42	37	21	18	31	10
38	24	0	42	26	6	17	46	4	10	38	41	47	36	35	29	18	39	37	41	48	31	44	6	27	4	19	14	28	3	30	33	8	33	29	43	38	49	29	40	18	32	25	49	6	28	29	39	45	35
21	14	39	0	26	5	1	39	19	6	27	10	22	23	45	21	32	49	3	9	32	40	6	17	41	24	1	40	6	10	40	24	43	17	26	35	4	37	32	6	38	5	32	43	22	42	36	10	30	32
1	12	4	24	0	1	18	23	33	27	29	43	25	3	25	7	15	29	9	30	4	2	41	36	46	19	45	33	9	2	28	46	37	34	48	26	4	39	11	12	37	2	4	4	43	24	13	43	22	42
19	36	16	10	31	0	31	46	17	41	23	19	19	27	21	39	18	5	21	4	39	1	37	11	37	5	30	15	33	46	42	6	48	4	10	37	16	30	40	12	49	12	39	44	43	48	18	26	29	48
18	49	23	17	29	18	0	41	30	4	9	38	30	17	46	48	33	49	30	29	13	29	35	31	44	21	34	8	33	24	46	17	30	10	19	17	4	14	7	10	33	42	26	23	13	2	39	8	12	15
9	17	23	11	1	17	36	0	36	11	25	12	47	16	41	29	48	38	47	29	15	17	32	28	45	39	5	35	5	42	12	25	25	39	46	24	44	28	4	39	43	25	38	14	21	10	32	11	45	35
2	27	4	27	37	30	49	49	0	24	36	7	27	10	38	10	36	40	47	39	26	29	12	32	2	17	12	47	20	35	21	23	38	14	5	1	2	47	17	26	31	7	47	11	28	16	3	8	17	26
47	1	42	23	22	31	42	11	20	0	6	49	12	35	13	27	26	34	22	44	26	20	31	38	3	45	42	41	15	47	20	48	34	45	31	11	6	42	49	23	48	1	43	15	40	16	7	33	34	12
33	47	25	30	8	45	42	1	1	30	0	5	37	5	1	49	32	33	8	41	5	35	47	37	11	34	46	15	4	8	36	36	49	45	41	41	42	31	8	35	28	6	18	1	17	33	39	10	20	4
42	31	44	21	43	15	48	22	38	47	21	0	29	18	35	32	19	44	13	11	15	3	20	39	2	41	34	14	35	36	9	37	40	17	23	9	22	16	43	11	26	46	15	26	42	12	39	12	13	15
16	47	6	36	13	38	6	3	5	37	2	12	0	40	36	37	20	2	48	42	44	20	35	35	40	11	5	32	1	8	11	30	45	22	19	35	38	11	23	6	16	25	29	32	36	7	35	34	27	45
22	19	34	17	6	13	5	46	28	39	19	6	21	0	26	22	41	49	21	15	38	39	15	7	26	11	38	33	11	23	23	5	24	44	23	19	34	2	43	36	47	47	19	1	1	4	49	15	27	22
17	47	49	23	16	19	7	40	39	24	11	10	39	6	0	47	39	15	5	5	45	37	42	7	46	33	33	17	40	48	35	23	24	10	45	28	8	17	4	30	3	19	33	19	22	17	21	20	37	35
24	38	5	24	49	34	42	7	3	29	30	21	30	15	3	0	22	41	33	20	47	29	26	19	15	35	2	9	39	31	33	24	13	37	22	40	7	41	6	31	23	45	19	44	9	37	29	11	14	44
8	32	10	27	41	40	31	6	27	36	35	6	23	44	11	29	0	25	11	13	19	13	45	25	49	19	22	4	31	34	7	26	40	21	12	29	39	38	1	28	19	20	42	34	48	16	48	28	9	42
15	40	45	15	44	17	5	19	21	44	25	39	10	38	39	20	17	0	3	25	47	15	28	3	8	32	9	7	29	44	47	14	1	49	11	46	37	25	14	1	10	22	18	20	45	41	15	29	33	5
2	3	14	31	11	34	21	32	34	13	22	47	37	6	4	5	18	12	0	21	11	40	27	37	21	8	6	46	35	4	22	16	25	18	8	49	28	21	42	45	37	30	38	45	29	3	22	33	15	30
43	24	12	29	26	2	37	46	12	24	27	38	6	5	22	18	35	33	19	0	9	6	21	13	14	41	42	19	32	27	4	10	35	10	20	17	26	38	7	8	13	3	5	13	38	44	13	33	39	47
11	46	36	5	39	43	3	22	44	3	49	11	6	11	46	37	1	48	36	8	0	10	38	34	33	6	44	8	28	32	44	44	17	41	35	27	20	49	32	9	15	28	24	14	37	8	39	48	21	23
12	24	28	22	6	36	46	34	31	35	22	36	31	15	30	6	45	14	32	1	4	0	44	46	9	32	20	48	9	6	47	16	10	42	15	42	9	6	40	24	39	39	47	18	25	18	9	37	45	15
37	24	48	49	18	27	44	35	47	11	37	18	25	41	1	9	43	46	40	3	18	35	0	13	42	3	33	29	21	4	3	23	17	3	28	3	33	36	9	34	46	11	16	1	29	33	29	4	11	6
36	39	33	35	37	37	19	44	11	6	2	2	2	14	5	21	29	23	37	3	32	19	38	0	10	34	32	33	47	26	39	31	7	8	32	49	9	27	35	9	6	19	42	17	27	25	13	13	17	11
29	13	19	23	29	37	31	8	48	23	17	40	48	34	13	10	1	27	1	37	22	4	48	2	0	6	16	27	26	29	12	23	9	40	30	35	48	40	31	42	8	41	32	10	45	36	17	1	39	30
10	23	42	5	7	26	31	41	45	20	21	39	49	33	10	30	31	48	12	15	10	2	29	34	42	0	22	27	25	7	5	46	9	8	33	2	31	26	22	2	24	44	49	39	35	9	1	49	28	25
3	6	11	24	47	43	27	27	18	32	2	16	21	30	29	7	38	15	40	26	8	36	6	46	30	24	0	27	4	39	16	16	42	41	12	24	30	7	49	1	6	37	25	22	34	8	41	38	7	40
20	14	30	38	32	19	31	48	32	39	29	23	48	29	32	4	48	44	40	39	18	14	42	41	30	7	38	0	30	32	37	29	42	41	22	17	5	13	24	22	16	33	14	15	35	36	10	13	27	23
3	27	42	48	5	43	13	36	44	34	15	3	29	17	42	44	30	23	34	27	12	36	15	10	10	20	22	18	0	49	23	48	31	20	16	45	17	39	12	10	45	37	11	49	8	24	28	38	30	42
42	36	1	1	36	1	8	1	37	36	35	46	20	49	7	10	42	17	23	14	46	12	24	8	38	30	49	32	45	0	23	39	6	26	9	34	37	29	2	37	29	39	43	30	4	32	12	22	26	47
7	41	3	37	20	49	40	20	15	34	22	16	39	2	7	30	33	4	49	16	18	20	2	34	18	44	25	7	13	36	0	15	31	2	26	9	21	9	14	40	39	20	16	12	11	27	33	26	20	25
11	41	42	24	43	41	10	43	21	22	9	28	1	14	47	24	4	16	28	25	22	26	15	24	1	26	18	23	40	33	17	0	37	35	48	1	15	6	40	36	17	5	7	24	33	49	3	9	31	27
35	33	40	43	34	43	14	45	43	46	12	16	40	1	7	31	34	23	10	21	4	15	43	40	46	10	48	11	49	37	14	28	0	6	8	46	10	17	7	37	9	44	22	27	41	1	6	6	26	40
41	1	13	6	30	36	22	14	40	42	45	18	7	1	9	46	15	9	15	43	19	2	47	16	44	49	38	10	25	41	28	36	29	0	2	22	35	49	23	47	32	10	31	8	10	3	4	2	7	14
15	18	48	22	27	22	46	29	6	14	4	9	6	16	25	5	48	1	48	22	38	13	31	32	31	35	20	15	20	14	13	8	25	39	0	33	45	39	42	31	13	22	16	10	13	27	48	33	30	2
15	17	25	28	16	44	42	3	9	33	41	32	26	21	44	24	16	16	47	29	18	16	1	21	28	46	3	18	8	19	15	41	42	31	24	0	49	7	9	42	5	43	28	37	9	48	15	17	16	45
32	18	43	12	3	19	24	26	24	47	27	2	20	11	25	26	44	12	17	32	15	5	46	45	23	15	3	13	9	12	30	37	31	31	41	35	0	46	13	1	19	46	26	36	16	2	14	28	23	29
15	8	45	7	22	31	7	28	42	3	31	45	10	17	19	32	41	41	1	7	46	15	9	5	23	14	10	7	16	2	49	24	43	8	45	34	7	0	13	10	44	45	30	37	46	38	2	26	17	36
23	24	45	4	32	31	34	30	15	20	11	2	17	39	32	36	14	34	48	39	40	24	14	8	46	42	12	17	30	11	36	34	26	19	32	38	15	15	0	11	46	26	8	15	3	20	37	24	16	33
15	7	21	12	8	22	20	42	35	21	11	21	38	7	36	48	49	35	23	20	24	3	28	23	11	1	43	30	3	38	38	32	40	19	21	23	7	44	27	0	48	28	31	30	17	35	11	27	1	34
30	2	6	12	17	38	13	41	28	43	36	7	28	40	38	14	49	31	17	7	47	34	29	9	31	28	32	43	48	20	3	39	46	34	27	19	7	47	41	40	0	37	16	2	34	13	38	38	42	16
10	35	30	40	3	32	42	35	4	3	18	34	14	33	31	15	5	34	25	11	31	35	21	44	21	14	35	29	35	29	30	42	35	16	37	23	49	42	20	40	2	0	40	25	2	36	32	30	24	13
29	48	14	25	12	24	46	10	30	21	30	14	20	33	2	8	44	29	36	2	29	6	18	8	26	46	48	49	1	5	13	29	9	44	40	19	19	17	21	30	31	16	0	34	37	27	11	26	43	6
43	12	39	47	42	22	5	16	26	39	46	48	24	26	45	17	9	6	13	41	41	21	24	23	9	28	4	28	19	48	31	30	5	26	4	37	47	34	20	36	22	7	4	0	46	12	13	20	47	23
17	11	49	15	30	29	31	2	13	40	13	16	7	27	47	29	42	39	23	15	15	24	38	5	46	26	24	37	24	33	41	9	23	24	47	31	12	26	4	9	7	11	27	14	0	42	9	34	18	19
1	14	13	3	33	45	8	24	6	23	23	16	33	36	25	15	24	26	11	7	39	15	9	46	6	31	21	1	21	16	12	4	46	7	36	18	8	4	29	20	12	44	43	47	39	0	17	20	22	35
11	48	36	41	7	43	31	2	42	49	31	31	13	42	35	46	31	7	6	4	30	29	31	49	48	22	35	38	18	28	20	42	12	15	47	44	48	17	29	4	40	11	37	23	45	24	0	47	23	3
20	43	18	17	32	21	3	7	33	44	38	20	24	21	35	24	8	20	9	29	47	25	2	13	17	26	2	32	15	10	8	23	48	35	47	27	25	18	40	2	3	47	17	2	21	32	12	0	30	48
11	38	11	16	19	18	9	33	8	42	36	8	38	39	26	40	16	29	47	8	20	12	22	7	21	19	40	20	49	25	44	36	5	31	29	18	27	4	38	22	49	37	22	35	37	14	34	20	0	47
45	36	45	38	48	22	23	42	12	9	8	12	37	18	45	18	30	42	12	33	45	20	49	18	1	49	18	5	33	4	35	23	25	26	14	3	13	13	30	46	31	29	14	1	18	38	26	43	23	0
M3
0	30	17	37	9	33	31	37	16	25	14	26	8	25	14	12	40	21	4	9	3	16	5	20	31	20	3	34	41	26	4	4	41	46	19	6	44	17	33	33	34	7	22	34	3	25	5	15	7	47
19	0	18	43	15	28	5	37	1	27	28	40	37	29	1	11	17	15	20	33	22	24	38	28	46	27	47	41	16	36	10	36	6	26	8	46	49	29	45	43	33	31	35	4	14	31	15	4	39	17
29	37	0	9	21	35	39	46	2	30	6	43	11	3	35	18	5	23	3	25	40	41	13	31	44	2	30	33	13	5	34	35	48	49	4	45	42	13	28	4	10	35	33	40	8	32	3	29	49	26
36	2	42	0	44	30	5	36	14	21	8	2	10	13	47	47	12	8	14	10	13	25	15	49	8	18	24	29	13	33	7	17	42	3	4	18	12	46	11	12	1	39	33	3	46	44	44	15	14	10
3	42	33	30	0	25	12	33	12	45	7	37	17	40	27	17	40	14	2	6	35	6	17	32	1	43	47	12	28	15	14	21	2	15	11	23	14	25	21	42	24	43	46	30	37	43	12	10	19	24
26	38	38	41	36	0	18	31	5	40	29	7	19	24	15	6	9	39	37	15	5	44	3	20	39	29	43	23	3	20	48	39	39	27	30	16	19	40	13	12	21	16	3	19	41	33	40	28	6	48
32	42	1	33	25	22	0	42	12	7	46	24	9	24	36	22	40	3	49	36	40	9	31	29	30	16	47	40	47	14	7	37	14	21	23	46	31	12	10	44	30	31	26	40	4	47	27	45	2	32
40	39	33	42	36	2	17	0	30	20	44	34	14	9	44	8	19	5	26	18	7	22	23	40	4	23	4	40	43	7	44	49	48	8	23	7	40	30	47	36	36	7	8	22	37	38	28	8	46	7
18	11	45	1	42	28	43	43	0	41	19	6	8	12	21	37	41	26	34	21	21	11	22	5	25	3	7	47	28	1	37	26	13	1	17	3	46	1	5	46	39	3	1	41	41	2	6	35	49	39
31	43	26	18	36	31	36	29	45	0	24	43	32	25	36	32	48	31	48	19	31	5	37	5	7	14	26	2	29	42	35	12	48	47	10	21	34	16	45	43	7	7	11	31	6	48	8	38	35	36
40	33	3	42	21	31	1	46	3	15	0	17	22	33	26	38	23	11	35	7	23	3	49	27	26	23	23	13	34	27	28	32	4	30	9	19	5	31	4	48	3	27	38	2	36	28	10	40	36	32
8	21	44	38	46	9	49	36	29	6	13	0	31	16	5	43	10	27	19	5	29	49	42	47	24	14	26	27	23	49	34	4	47	32	45	46	16	24	37	37	47	42	46	15	15	36	21	3	11	24
27	32	6	43	42	12	34	12	45	35	27	3	0	47	29	25	13	35	18	29	16	25	14	18	40	7	19	25	43	44	19	11	41	2	4	30	4	34	36	16	38	26	7	2	45	4	6	22	7	27
25	49	49	6	15	24	30	20	8	13	10	35	15	0	25	30	38	8	4	43	24	28	41	28	40	35	12	23	26	15	37	31	48	9	27	47	34	41	11	2	29	13	32	29	2	6	10	47	17	13
2	18	44	7	2	49	26	16	26	2	35	25	13	9	0	8	35	42	27	41	7	40	26	36	18	42	14	3	40	17	8	1	12	32	32	46	4	1	5	28	43	18	15	47	45	30	21	49	49	5
49	27	36	37	8	4	7	7	46	39	9	34	31	40	22	0	30	30	6	15	14	24	2	16	16	18	30	21	14	3	4	18	49	22	17	21	45	32	7	14	40	28	16	39	44	47	22	37	10	3
20	1	29	22	12	30	48	34	45	37	28	1	36	37	44	43	0	7	14	26	18	27	24	15	29	30	47	22	41	14	29	14	36	11	32	2	46	36	34	4	8	5	15	30	15	47	27	35	11	17
31	5	14	9	24	5	41	31	37	31	5	23	42	16	11	21	44	0	5	25	10	28	18	2	15	16	17	4	22	32	44	13	39	4	24	4	6	49	37	25	11	2	27	37	38	47	17	49	17	38
25	18	28	10	34	46	33	39	29	33	31	27	27	33	38	24	42	49	0	30	40	45	10	14	20	8	45	37	43	46	23	36	25	19	18	48	32	1	46	13	22	46	25	31	7	14	2	3	47	36
49	8	33	15	44	29	13	13	42	30	3	14	43	42	30	6	49	37	44	0	17	22	7	40	41	9	11	45	16	40	40	44	47	29	22	18	36	48	45	36	22	48	13	24	6	20	17	42	25	20
21	1	37	15	12	9	28	21	48	43	23	18	36	48	33	1	18	34	3	9	0	46	37	7	42	16	31	40	4	19	13	29	17	36	3	20	34	25	28	10	6	5	25	4	47	45	5	19	5	48
24	13	34	17	49	31	8	7	25	13	43	25	9	39	12	31	4	27	12	42	39	0	35	13	26	40	7	34	46	23	45	17	29	28	17	3	36	44	48	35	36	33	47	30	39	8	42	7	12	10
26	46	5	21	39	1	43	17	8	30	38	27	21	42	34	38	23	11	34	32	6	24	0	41	6	48	49	36	1	41	36	45	25	36	8	2	41	4	32	24	7	12	32	46	1	18	20	48	48	38
24	35	13	39	31	43	21	47	32	12	44	6	18	11	5	31	34	21	5	48	30	19	37	0	4	30	16	45	28	19	18	3	28	29	14	22	30	17	48	32	7	5	37	7	21	49	43	8	39	33
47	6	34	24	17	14	47	9	16	22	8	43	47	45	9	31	41	35	45	3	2	20	15	35	0	5	19	40	13	42	40	42	34	13	25	16	47	38	15	33	47	37	8	30	26	2	22	1	7	36
17	48	15	27	37	42	40	29	27	32	21	16	12	26	33	49	33	37	45	41	46	34	20	44	41	0	34	33	7	28	31	48	16	18	43	37	39	17	37	26	48	38	33	17	31	30	30	48	33	39
35	16	19	39	49	46	24	25	26	14	47	13	27	21	43	30	22	10	34	14	26	47	24	25	42	29	0	18	6	47	14	41	39	36	17	48	1	8	39	36	25	28	48	21	22	23	9	32	29	22
30	45	13	14	2	38	22	29	16	12	49	26	38	45	19	12	11	41	14	18	5	12	20	29	49	32	5	0	6	14	40	34	19	5	41	19	36	31	47	26	29	19	15	24	18	44	18	2	19	20
47	37	15	47	7	2	34	12	47	12	15	10	27	49	33	44	24	19	7	24	30	1	40	11	32	39	27	29	0	26	48	13	21	49	5	15	12	47	26	15	11	43	41	45	38	44	17	24	18	32
21	18	11	36	20	33	45	35	10	13	7	37	10	34	49	16	26	13	41	34	13	10	6	7	45	47	12	47	20	0	42	2	39	11	41	17	41	21	39	12	3	49	38	10	15	24	19	47	48	39
32	20	39	42	23	37	33	26	22	11	35	28	32	28	4	1	27	15	41	5	9	28	23	23	21	43	21	16	42	14	0	37	4	25	28	9	12	24	27	29	34	26	36	7	47	27	37	18	26	5
18	6	37	9	44	45	45	31	30	14	3	22	5	6	8	22	42	11	29	2	31	14	26	19	9	6	27	3	26	13	2	0	32	36	26	46	22	46	30	32	44	13	1	35	18	33	14	16	34	30
35	16	8	35	12	3	17	18	27	1	26	49	2	15	46	23	16	22	47	46	46	2	38	4	36	6	29	18	4	15	49	6	0	45	8	15	8	12	21	36	24	10	40	6	18	33	30	14	29	14
19	2	43	25	21	46	33	22	44	47	38	5	21	37	29	28	3	7	1	10	35	49	6	44	9	42	49	41	38	29	46	28	5	0	16	17	4	10	5	5	9	18	7	26	33	24	44	2	41	14
38	45	15	3	33	10	16	4	25	19	46	6	16	13	43	11	39	27	34	35	4	36	43	33	30	25	36	42	44	21	17	15	27	9	0	44	31	17	7	8	14	38	10	3	23	27	10	13	31	35
18	27	19	37	21	21	35	35	31	1	16	44	29	8	45	10	34	25	27	33	32	3	16	7	9	1	9	44	16	14	23	37	14	2	31	0	5	17	35	5	28	49	45	13	27	14	40	6	37	4
46	1	22	44	28	23	44	15	14	6	28	1	48	8	41	23	39	44	8	4	25	15	7	44	25	28	5	6	16	12	29	27	6	11	23	20	0	13	39	8	30	3	33	18	31	39	19	13	35	30
30	2	30	30	23	13	34	30	31	18	29	4	41	20	47	12	18	32	5	30	4	47	15	14	36	31	18	32	5	31	21	25	13	46	15	35	28	0	28	44	36	16	39	6	1	36	12	38	32	32
49	13	2	47	1	35	25	35	16	14	44	24	44	33	36	15	7	46	24	16	24	9	4	5	16	49	22	2	20	9	46	18	28	32	47	36	1	18	0	5	27	49	21	18	3	15	10	33	13	49
31	27	10	15	19	28	44	26	19	9	5	30	46	42	35	24	16	36	27	18	42	2	34	34	32	17	27	23	16	49	30	47	46	24	23	8	20	39	7	0	27	20	23	27	43	23	21	48	49	38
31	14	18	48	3	4	7	36	26	47	15	3	24	45	25	39	41	5	49	18	6	41	6	48	1	13	25	41	38	23	20	44	45	28	6	31	28	10	28	15	0	6	28	3	1	11	34	13	25	2
45	27	24	25	21	26	49	48	21	9	36	17	23	3	45	40	41	27	42	34	3	40	47	37	45	16	23	20	25	43	39	28	22	23	7	36	47	32	9	47	22	0	44	25	33	14	22	26	24	12
22	42	13	8	15	6	25	40	49	17	25	46	4	38	39	49	7	41	10	44	45	9	1	1	49	7	29	13	5	38	1	37	18	46	40	25	2	6	45	16	15	10	0	7	29	35	45	3	33	41
11	2	15	19	25	34	5	4	14	3	37	30	3	24	3	37	29	28	32	27	9	49	39	41	10	8	2	33	5	33	13	31	5	5	36	32	30	45	44	8	8	15	5	0	33	13	46	31	42	22
23	32	1	20	8	41	23	10	31	45	46	31	41	20	22	19	44	11	44	38	8	45	27	34	35	34	4	28	15	36	36	11	7	3	8	41	16	15	20	34	39	42	29	8	0	39	24	1	9	34
18	45	10	13	44	42	21	44	45	32	30	27	17	15	41	46	49	14	16	42	16	12	38	5	25	36	36	34	31	45	32	20	13	1	49	27	42	3	28	32	11	15	18	25	13	0	14	15	45	1
12	34	26	16	39	9	10	28	29	39	30	35	26	10	36	25	7	6	41	4	22	45	49	48	4	11	3	49	12	40	39	14	27	30	30	47	16	17	48	34	22	10	31	23	5	14	0	47	11	38
23	16	6	32	46	7	33	3	49	48	42	28	34	3	20	10	30	41	7	16	15	25	28	34	8	38	13	32	28	9	3	49	39	35	39	29	37	24	35	17	41	48	46	24	18	41	26	0	41	9
17	4	33	35	1	47	38	15	48	17	5	40	7	9	24	37	7	8	27	5	33	31	12	16	38	2	1	22	49	17	31	33	37	13	27	44	49	27	10	31	8	32	5	47	15	12	22	43	0	10
29	6	19	26	43	1	19	49	39	3	33	6	48	18	16	7	18	23	40	6	5	30	27	11	47	12	1	41	21	35	29	47	34	13	32	3	47	5	18	12	26	15	45	21	9	20	12	2	22	0
M4
0	15	4	14	18	31	41	48	35	43	11	29	23	32	13	44	16	11	26	25	19	46	2	5	20	13	10	45	7	32	24	20	35	10	46	26	7	4	34	10	10	9	45	6	27	13	3	48	31	29
17	0	15	35	5	24	1	14	16	33	12	28	32	45	34	35	32	12	9	10	37	32	30	22	9	27	37	21	3	7	29	2	13	3	4	24	10	13	24	43	32	32	39	36	22	19	38	11	25	27
34	18	0	30	36	44	12	36	37	20	17	9	22	30	10	25	13	33	14	46	12	45	28	13	28	31	19	36	27	47	15	46	49	38	22	30	12	35	9	25	15	38	3	16	44	17	4	43	9	6
33	6	37	0	33	29	49	1	27	38	35	1	4	15	20	19	16	15	41	46	31	27	1	5	13	43	39	13	28	43	14	34	33	12	29	22	2	43	25	34	1	35	13	12	18	39	35	9	20	38
22	46	9	22	0	29	8	46	28	20	11	24	2	47	16	39	30	15	22	16	7	16	23	12	25	36	29	25	30	2	23	17	36	33	39	45	36	20	34	28	22	31	16	38	16	22	11	5	21	13
9	37	44	38	18	0	4	48	6	16	32	44	40	46	32	4	40	20	11	2	20	49	33	18	24	1	28	36	31	8	23	15	29	26	23	19	48	25	8	22	48	29	19	1	43	49	49	35	13	5
26	37	23	28	22	31	0	26	32	22	25	36	30	46	45	22	36	30	31	46	8	37	38	21	21	39	31	15	31	16	26	23	26	10	1	9	48	37	7	48	22	21	11	14	31	39	47	3	22	14
21	22	39	42	16	10	37	0	19	32	30	24	36	23	49	40	26	38	3	49	12	12	27	26	49	32	8	46	24	5	40	35	25	16	8	47	9	49	27	19	5	13	26	43	26	25	23	21	39	33
20	24	8	41	28	45	6	42	0	28	44	33	2	4	45	13	32	27	16	6	8	19	2	17	46	9	34	12	29	27	11	10	10	16	24	28	17	47	25	7	8	49	24	12	26	17	45	25	23	45
38	40	36	6	15	1	17	2	26	0	29	33	3	24	45	27	38	9	7	32	10	5	46	10	17	19	13	13	10	43	7	31	17	15	1	9	39	33	21	23	40	28	24	39	40	41	3	35	28	42
15	11	18	18	39	39	38	42	49	2	0	13	20	48	37	40	1	15	20	49	26	17	29	32	34	4	47	38	16	35	22	16	46	8	49	3	44	23	4	38	39	46	30	13	25	42	12	4	9	42
43	45	6	48	9	46	19	34	8	47	20	0	44	12	22	3	26	23	26	7	8	22	10	39	37	38	1	26	25	10	38	11	30	29	15	32	2	2	22	38	41	24	20	42	29	20	11	46	47	29
28	24	27	28	11	2	16	15	20	12	31	29	0	17	33	8	2	24	7	32	9	13	31	14	47	17	45	37	47	38	21	32	42	27	7	34	18	16	19	38	1	17	41	46	2	49	12	43	10	19
27	20	47	38	18	47	33	48	9	12	35	49	27	0	26	16	21	14	10	1	16	15	17	38	44	40	48	2	43	36	37	31	25	33	16	44	36	2	48	35	32	32	44	13	33	23	12	24	35	44
3	48	19	46	28	20	9	7	18	37	44	7	26	17	0	45	14	44	41	9	16	36	9	37	34	26	46	18	22	6	21	26	45	37	48	49	1	7	38	19	7	29	9	38	29	33	44	12	48	5
45	26	29	37	10	37	5	43	41	24	45	10	33	28	9	0	10	49	45	48	47	37	38	26	7	3	5	15	14	19	35	12	15	23	24	39	38	45	12	1	32	42	14	24	10	15	5	17	39	15
16	42	5	13	33	20	21	44	15	33	10	18	8	25	19	8	0	6	27	38	23	42	2	23	30	40	42	30	46	47	2	16	19	33	16	44	9	27	15	42	47	28	13	49	47	46	1	30	43	38
6	45	1	13	3	48	25	49	42	26	33	27	35	6	2	37	37	0	42	22	43	4	36	14	49	36	45	38	49	48	38	38	9	19	26	38	15	22	35	36	27	25	41	7	44	37	43	16	32	3
34	49	12	2	18	33	22	43	45	46	45	22	4	14	18	45	11	44	0	40	45	10	11	49	46	3	22	28	21	39	26	42	43	16	40	15	41	48	34	32	34	30	5	39	19	9	6	34	43	35
32	38	30	44	32	37	21	24	15	35	43	25	13	7	22	42	41	40	28	0	38	34	8	12	20	22	15	32	10	12	41	3	1	11	9	49	11	25	49	19	4	41	4	8	6	17	28	32	30	3
28	32	43	37	16	38	17	31	37	47	35	42	41	47	14	44	8	1	27	1	0	39	18	22	37	48	9	9	45	30	2	7	25	23	46	20	37	18	32	9	42	48	47	36	24	1	33	45	44	44
46	10	9	49	4	1	12	14	40	35	16	1	38	8	9	24	33	20	15	15	21	0	19	41	19	8	37	43	3	45	22	25	31	21	22	38	14	18	41	2	23	36	6	12	42	33	29	5	34	24
43	40	48	36	7	39	1	48	34	3	47	5	35	3	35	29	26	14	9	9	32	19	0	29	27	16	27	27	9	28	18	9	19	38	23	6	19	16	23	22	35	46	16	3	11	33	40	28	42	31
3	3	33	48	49	13	39	35	21	43	19	22	49	9	38	1	8	9	16	24	6	40	28	0	15	11	49	48	25	6	34	5	44	6	4	4	47	8	34	40	3	16	42	1	38	4	47	23	23	29
27	30	45	26	45	30	6	28	39	31	31	15	31	27	19	16	13	41	24	33	33	44	33	46	0	45	23	13	36	44	31	46	11	19	23	30	49	1	40	5	23	35	7	31	37	4	42	9	11	20
22	8	40	26	11	12	11	38	36	43	4	21	42	10	14	34	14	12	14	2	3	22	13	22	6	0	16	39	36	2	13	11	10	30	13	19	11	42	46	22	25	24	38	10	3	5	48	37	13	26
10	37	22	4	40	28	46	37	33	41	20	24	28	20	7	7	38	36	14	35	20	5	24	49	15	14	0	20	37	47	20	38	43	29	11	15	27	15	14	23	46	45	14	49	2	49	33	25	1	20
34	38	33	35	47	20	12	1	24	7	26	36	36	35	5	10	2	12	48	23	27	35	7	22	27	23	43	0	22	33	24	17	26	30	18	22	19	2	17	38	33	47	49	29	46	3	19	5	26	4
24	39	15	39	28	27	43	3	42	29	34	42	2	17	12	19	17	33	20	31	31	39	12	44	41	24	3	20	0	45	48	38	35	39	16	14	33	18	47	2	13	13	7	24	18	47	21	19	20	24
42	11	16	48	9	44	26	27	5	30	30	14	46	41	42	27	38	16	8	34	37	46	32	46	46	28	9	43	5	0	21	28	12	19	36	46	21	22	48	4	7	38	2	13	14	15	16	45	34	12
39	22	24	1	38	33	5	34	29	1	13	3	30	14	28	28	14	27	15	34	5	37	32	9	36	33	26	28	28	41	0	37	35	25	2	2	24	1	42	7	28	9	17	20	4	40	25	2	28	31
28	15	36	1	40	11	22	2	49	24	17	27	1	41	3	37	32	45	24	13	33	24	7	46	21	19	6	33	34	39	25	0	4	28	22	48	34	27	5	3	13	5	20	22	1	23	29	4	11	15
2	1	17	33	31	14	17	12	10	13	25	40	27	15	15	23	2	24	17	12	29	43	31	31	21	37	18	32	15	21	6	14	0	33	35	14	20	9	18	44	30	28	38	16	16	29	42	22	21	38
47	16	9	2	8	19	1	24	15	37	26	40	31	5	6	20	41	18	21	40	3	3	3	6	48	42	12	40	42	8	43	31	36	0	12	34	46	29	34	19	15	16	47	32	25	7	10	30	7	15
48	14	12	24	8	44	14	20	27	5	32	49	23	23	46	40	43	5	38	10	31	36	25	5	27	1	20	15	49	41	5	33	38	29	0	16	8	30	11	15	34	25	44	7	38	44	10	17	39	11
37	11	20	14	37	25	7	36	9	3	16	23	7	42	6	31	47	46	46	32	41	13	32	28	10	44	30	21	14	41	48	24	1	45	4	0	33	45	27	2	23	9	30	17	3	7	14	26	28	49
4	5	26	18	3	11	14	4	5	41	23	9	34	12	3	13	32	21	38	22	35	28	19	30	40	17	34	33	32	15	41	17	39	15	24	10	0	23	22	44	5	25	30	45	32	28	6	28	44	14
2	25	19	45	29	41	26	46	11	34	43	22	31	45	32	11	30	31	22	1	27	16	17	24	3	4	36	21	41	38	16	35	46	37	23	42	8	0	41	26	44	38	42	9	29	11	22	29	28	23
5	2	7	45	12	22	46	8	36	34	27	9	36	48	48	25	17	12	5	22	8	38	6	33	23	11	13	24	14	41	8	36	45	31	2	49	49	25	0	18	38	6	4	28	32	31	14	6	26	4
2	3	38	12	42	33	23	11	46	49	23	25	5	16	29	7	32	38	22	30	9	42	33	47	36	21	17	45	35	16	9	33	44	46	28	13	47	8	32	0	15	27	33	41	19	5	26	34	34	16
10	2	43	31	2	25	17	34	18	49	8	36	40	1	41	32	38	23	2	34	38	27	15	24	23	44	18	27	15	2	26	29	4	34	12	25	9	40	43	16	0	2	1	11	40	45	49	10	44	22
9	9	14	15	20	16	24	45	32	8	9	12	1	24	10	44	23	43	1	4	1	31	11	17	21	5	24	2	23	18	1	32	30	45	21	4	17	42	28	40	33	0	30	39	2	21	20	32	2	28
31	42	6	24	5	15	28	44	3	13	30	8	44	7	46	36	11	15	1	20	43	47	19	9	41	8	22	22	4	10	34	15	3	12	14	19	11	33	13	36	25	34	0	11	9	14	8	31	37	38
32	33	23	42	9	5	6	4	2	16	33	10	43	43	10	23	45	5	42	20	37	18	44	4	14	24	5	49	35	46	46	46	36	5	18	31	3	40	47	41	13	27	1	0	24	23	22	41	41	6
34	43	26	11	6	48	31	31	5	38	21	13	42	37	40	14	47	37	28	31	33	42	40	33	8	43	28	27	4	49	39	30	38	16	43	49	5	10	9	16	43	25	47	49	0	12	37	7	29	25
13	22	11	7	32	45	4	10	47	2	22	14	28	38	34	31	1	12	15	10	22	48	46	32	1	44	42	37	34	21	20	27	16	25	20	3	38	10	17	41	21	21	12	19	29	0	41	7	6	29
41	30	31	12	24	5	18	17	25	29	44	20	42	5	24	16	22	2	28	15	48	17	15	39	11	39	28	13	37	14	33	30	15	33	48	36	16	22	2	49	1	32	49	44	16	21	0	15	26	20
13	6	48	38	47	44	47	44	36	38	45	3	46	15	27	40	22	5	35	19	29	39	40	30	17	9	16	20	38	27	2	49	22	26	7	13	5	49	13	42	22	42	48	44	22	30	35	0	46	11
12	30	35	11	39	2	21	32	24	47	19	47	17	46	14	12	46	41	19	33	5	18	21	4	23	4	10	33	37	17	33	26	45	25	27	1	13	16	25	18	33	12	15	17	21	6	37	28	0	37
33	11	31	35	18	47	27	3	47	27	49	24	28	26	9	48	6	19	32	28	35	45	2	19	35	41	42	3	21	19	29	39	46	6	45	23	37	33	27	46	24	13	15	7	20	22	12	33	41	0
M5
0	42	42	5	30	32	1	6	5	19	42	6	27	29	38	8	29	28	23	3	20	39	27	12	35	17	49	30	37	39	1	24	30	42	15	18	41	31	17	7	12	4	13	3	5	11	41	14	10	14
15	0	14	27	25	36	45	40	24	1	20	20	22	6	14	5	23	39	45	29	38	45	29	7	34	25	43	27	31	36	47	46	11	20	47	41	46	4	38	3	6	38	28	2	34	20	12	29	45	2
19	23	0	45	15	20	44	38	27	10	15	27	36	12	34	25	38	3	16	7	19	20	45	18	12	37	12	13	1	43	1	36	40	25	22	41	44	18	39	26	41	9	30	12	16	29	46	21	22	28
22	8	6	0	12	48	1	43	8	23	19	16	2	44	29	45	5	46	16	43	4	12	43	17	30	31	18	14	36	40	28	22	29	1	47	28	29	48	30	32	29	4	34	49	42	23	17	7	49	33
4	5	48	38	0	21	28	39	21	3	33	38	4	31	43	15	11	23	39	26	38	18	5	20	16	16	47	41	28	5	15	10	40	37	14	17	5	26	25	33	45	44	38	4	7	28	38	45	35	30
29	49	18	11	11	0	29	16	40	19	41	33	8	12	36	45	47	43	12	3	10	35	35	48	47	9	21	5	26	12	38	22	9	26	36	46	39	26	33	7	10	37	47	45	1	39	33	45	13	2
31	29	9	9	48	15	0	34	35	42	29	42	18	14	40	49	48	16	37	22	5	36	33	46	38	34	2	17	40	13	7	10	40	10	41	44	25	8	25	3	24	38	48	4	15	45	30	40	1	10
13	9	23	23	35	47	21	0	42	23	4	11	36	15	11	43	28	2	24	36	21	6	23	43	43	12	48	8	11	48	16	26	28	2	37	36	7	49	31	47	29	12	14	42	22	26	38	38	7	28
40	22	31	25	38	24	12	49	0	24	5	42	23	8	7	26	38	30	23	30	5	38	45	16	3	15	33	41	15	11	38	6	49	19	38	7	47	12	13	11	24	39	15	25	2	47	15	47	17	44
40	15	24	34	3	44	11	31	28	0	19	26	44	44	28	49	24	16	44	33	34	16	27	30	11	45	1	1	13	6	29	36	22	18	9	27	5	21	19	36	48	25	34	25	5	46	20	17	3	10
23	33	14	6	11	45	18	9	10	8	0	28	28	47	4	41	13	42	27	10	18	12	8	13	21	20	42	3	24	16	2	37	4	46	48	35	18	31	28	48	14	2	27	18	17	23	32	16	9	23
31	31	22	13	38	30	15	13	34	47	44	0	43	7	45	6	2	19	3	49	22	20	2	24	26	35	4	45	16	44	42	15	37	41	24	24	26	23	16	7	5	22	47	11	22	45	31	49	49	32
46	13	34	43	36	48	40	27	2	25	26	17	0	4	14	2	5	15	30	24	38	47	46	39	47	7	17	10	36	31	45	35	21	18	32	34	4	20	4	3	16	31	5	49	34	19	16	9	13	4
11	44	42	11	34	15	23	29	44	9	6	21	28	0	28	9	39	45	8	37	32	2	25	37	4	24	19	38	42	9	33	2	14	46	41	25	3	22	34	30	13	14	13	35	7	10	30	19	8	4
4	14	13	7	27	44	31	10	12	30	11	3	28	1	0	41	33	35	10	30	13	5	19	7	32	6	16	34	26	21	15	42	22	38	35	11	36	26	10	24	25	44	13	48	35	23	34	3	29	14
2	9	10	36	11	7	46	13	43	30	42	7	7	35	28	0	44	33	35	5	49	26	37	23	25	2	15	20	29	24	38	7	30	36	17	18	42	44	6	41	2	24	11	44	25	47	2	13	22	23
7	29	26	7	27	46	6	16	5	45	35	31	14	1	6	33	0	41	40	41	30	44	40	30	18	24	49	43	38	27	30	36	4	4	28	36	31	44	25	28	32	45	28	10	16	13	11	25	42	29
34	6	46	12	4	48	41	4	45	5	20	22	48	19	2	17	19	0	19	3	40	24	23	34	2	7	47	31	44	47	41	47	38	5	11	42	43	30	47	23	20	1	34	31	19	48	20	30	47	23
13	41	12	3	17	15	24	48	27	24	41	36	25	12	37	10	37	35	0	23	10	11	41	27	5	35	5	23	25	3	32	4	9	13	37	3	4	26	22	46	45	2	36	6	16	10	34	3	8	18
13	32	17	12	38	16	26	37	17	13	35	48	33	8	47	17	49	8	10	0	6	10	39	16	5	5	15	37	49	42	22	7	41	32	1	16	16	10	10	8	2	38	37	48	7	40	38	11	28	9
17	42	6	40	8	4	48	10	18	16	12	46	45	17	49	20	5	11	30	7	0	19	19	18	36	20	2	39	42	38	21	2	14	17	11	17	34	41	28	25	29	36	30	31	41	29	48	36	22	18
41	4	42	40	6	6	20	7	39	29	12	7	2	46	32	45	12	20	17	15	33	0	5	30	16	22	10	49	43	12	2	5	14	37	24	32	3	37	10	44	16	24	21	2	7	27	28	2	34	33
37	22	40	42	35	30	23	44	14	30	16	19	49	3	12	15	25	2	22	12	8	10	0	38	28	29	46	7	22	15	31	15	46	34	39	12	1	47	36	47	17	29	22	35	34	36	21	29	32	27
31	48	49	5	10	37	40	33	15	40	12	26	45	17	16	16	18	11	31	45	4	2	20	0	5	44	2	19	24	34	30	30	45	10	20	48	34	33	1	11	30	7	48	22	38	43	17	41	30	10
4	32	18	30	22	49	8	2	22	38	27	35	29	44	35	33	5	35	10	13	36	3	31	3	0	33	31	31	40	37	12	15	28	40	29	27	8	14	13	22	29	18	8	14	37	35	43	42	3	11
7	22	25	27	43	16	17	5	16	38	21	1	6	49	41	8	21	18	25	11	30	46	43	17	42	0	9	24	6	36	6	29	28	38	42	44	25	23	30	45	37	7	47	41	26	36	7	24	28	33
13	14	13	37	48	43	11	9	36	47	48	21	5	28	35	33	21	35	9	45	35	15	11	31	48	25	0	31	10	48	10	7	18	14	49	48	31	10	12	46	25	29	30	15	32	11	24	41	17	35
11	28	28	10	35	19	20	36	18	30	17	29	37	36	3	2	5	14	23	28	10	35	10	21	13	8	43	0	35	46	45	42	42	24	4	49	47	49	15	5	12	32	35	37	43	4	42	40	33	42
32	37	20	33	47	30	1	7	24	18	33	34	28	38	30	28	32	5	10	29	9	17	26	2	8	41	30	13	0	38	10	49	25	46	11	18	11	14	7	9	41	11	5	48	31	7	9	12	17	31
49	24	32	26	40	36	29	3	35	17	24	21	15	17	6	22	45	18	1	23	10	44	19	12	43	18	39	33	33	0	33	28	39	5	34	45	48	6	4	37	28	14	22	8	22	37	31	33	49	6
36	43	26	12	6	7	19	10	20	17	46	19	17	47	21	3	2	38	19	49	43	17	35	12	9	36	10	33	17	3	0	39	18	4	14	34	33	47	45	21	20	25	31	17	46	14	3	12	40	1
14	40	7	22	31	25	48	29	42	36	34	29	1	27	23	17	17	19	47	28	43	6	26	41	3	5	24	7	17	19	28	0	26	5	27	12	14	9	45	36	26	14	39	47	49	12	19	26	39	39
9	29	8	28	7	21	24	13	1	34	3	7	23	38	36	28	2	2	44	2	43	23	36	48	43	8	40	11	45	42	2	2	0	47	2	5	47	7	35	14	48	33	36	43	35	29	9	8	31	49
14	44	29	12	44	36	47	4	24	41	21	9	4	1	5	34	39	36	20	36	35	48	4	16	15	43	8	13	37	33	44	13	36	0	47	31	41	27	44	22	17	31	23	9	32	5	49	32	32	20
27	30	22	28	3	28	47	30	2	27	23	38	20	30	45	9	41	16	22	32	20	37	9	40	34	33	16	1	26	1	13	20	6	36	0	39	10	44	30	12	19	42	36	30	36	44	31	13	19	19
13	39	12	14	19	43	38	1	2	29	14	28	6	7	16	2	13	12	13	33	25	26	43	20	27	30	23	46	25	39	9	26	20	29	7	0	18	47	21	38	30	13	15	26	16	29	6	36	2	6
9	8	21	35	45	40	17	34	38	1	35	19	8	19	12	5	21	43	18	11	24	26	6	12	38	36	20	31	14	11	44	30	49	5	47	39	0	8	25	46	36	44	34	35	4	15	42	29	4	46
39	38	4	23	19	44	37	38	3	34	6	40	19	23	21	48	3	47	23	37	36	48	7	12	4	36	2	14	20	38	25	31	49	44	28	20	4	0	36	22	26	1	19	28	11	41	34	30	21	36
45	30	44	39	44	14	24	3	46	16	21	46	47	43	2	15	46	44	6	48	5	44	35	15	5	8	6	10	29	33	27	30	9	11	23	25	31	21	0	38	35	38	33	10	17	25	5	28	18	42
17	5	43	1	27	21	47	33	32	18	7	13	22	25	48	43	21	3	10	38	35	36	23	2	23	17	25	38	25	32	28	24	21	26	6	3	36	13	12	0	16	25	2	14	44	9	23	41	49	27
48	37	21	8	19	46	43	34	37	17	12	39	32	3	22	35	16	29	20	35	13	33	30	39	18	17	36	27	23	48	17	47	10	25	15	36	13	2	36	49	0	26	39	21	1	42	38	12	46	3
31	40	29	45	2	19	12	41	48	5	27	29	47	28	14	21	17	35	10	15	48	19	34	49	40	48	34	26	18	9	2	3	8	29	18	7	22	42	9	5	45	0	20	31	38	4	7	9	4	33
25	15	47	10	47	33	34	18	29	33	44	16	18	48	15	27	33	48	16	9	27	31	2	42	8	29	49	22	17	25	13	20	7	31	3	20	43	26	15	21	1	10	0	5	41	38	48	26	38	25
9	16	43	15	12	35	28	44	31	8	44	14	13	39	48	30	33	46	28	46	23	38	49	6	46	15	44	8	15	7	11	9	33	22	17	15	13	20	38	14	18	4	2	0	47	28	9	16	27	39
19	46	9	17	11	4	42	45	28	13	9	21	12	42	16	2	21	38	4	31	29	13	1	37	28	13	5	34	31	45	6	15	29	1	4	32	48	35	11	29	44	21	13	46	0	33	8	8	37	23
25	22	45	48	40	46	9	20	35	16	2	3	35	4	16	14	30	17	24	29	46	15	37	14	33	33	27	46	6	24	7	11	11	28	16	20	12	43	21	13	15	5	8	6	11	0	37	45	27	36
5	33	38	39	13	32	34	3	25	7	13	11	33	23	40	42	46	33	49	17	41	31	40	35	32	37	5	23	4	2	1	33	36	29	24	18	18	41	47	19	35	36	29	24	33	42	0	40	28	20
22	1	47	40	18	33	19	4	32	4	45	27	25	34	3	47	15	43	37	45	17	47	12	1	22	26	22	1	18	10	41	4	39	49	46	46	26	20	26	15	40	36	33	10	3	4	33	0	43	25
13	3	16	27	23	46	1	30	21	7	40	43	24	18	23	23	30	6	20	24	27	6	5	18	27	12	35	14	7	32	41	26	11	20	4	11	12	31	6	32	16	7	37	12	28	7	18	43	0	37
21	23	46	27	44	49	27	31	35	15	35	12	17	30	18	24	45	35	25	48	7	28	5	48	25	4	6	40	22	45	2	26	36	24	49	42	17	21	37	41	33	38	36	13	19	10	29	1	37	0
M6
0	43	49	17	7	22	36	38	43	33	6	4	38	28	34	13	45	44	8	40	38	30	26	34	12	24	31	25	35	1	25	48	4	14	30	45	1	31	17	45	15	46	36	31	44	6	6	22	47	9
17	0	39	9	30	26	24	49	22	28	35	22	36	48	36	5	36	35	14	47	41	48	12	23	42	15	10	43	33	15	40	38	45	40	3	20	16	29	6	5	7	31	5	2	20	28	41	48	5	48
45	43	0	31	37	14	22	2	6	49	1	35	42	13	15	38	11	42	48	23	33	15	9	36	38	17	9	19	21	3	46	15	29	16	24	20	46	16	47	30	17	31	46	48	2	45	27	25	33	19
13	28	42	0	17	21	44	41	27	41	18	20	18	11	20	1	45	13	17	46	15	7	16	48	10	21	28	35	5	24	44	28	38	18	49	18	16	24	44	28	14	12	18	46	47	4	24	8	2	21
24	17	44	33	0	24	49	13	31	47	20	16	5	43	40	6	6	48	30	1	29	29	30	29	43	35	7	9	38	36	16	2	47	35	41	22	39	48	10	41	46	42	16	17	22	19	30	25	9	26
4	43	21	20	22	0	45	25	5	37	32	28	21	9	9	32	35	12	3	9	14	15	16	46	19	13	5	27	24	28	44	46	25	22	3	11	18	25	11	8	26	7	5	37	43	39	35	2	49	27
23	5	22	46	34	29	0	46	32	33	21	15	36	13	26	29	26	23	36	2	5	44	7	16	17	28	32	26	31	40	19	45	44	9	14	4	29	13	3	14	30	23	9	2	25	26	45	15	12	33
10	29	21	36	48	6	1	0	10	28	42	28	30	38	32	26	17	1	19	31	42	38	23	42	48	44	49	33	26	39	48	32	47	20	38	27	3	25	46	24	21	42	21	40	10	1	10	41	43	3
8	17	37	21	44	39	47	32	0	26	22	6	29	39	1	13	31	43	22	29	40	4	32	40	43	45	1	30	35	21	19	16	35	37	45	32	1	15	19	18	27	4	18	2	27	36	34	16	34	41
48	27	13	9	7	9	49	3	10	0	43	11	47	41	49	39	5	19	36	37	37	16	17	37	8	22	1	33	31	9	26	44	5	45	28	23	10	7	26	29	31	38	44	33	14	1	43	30	35	35
30	8	30	45	13	19	18	1	36	34	0	6	5	46	5	37	43	37	15	23	27	3	4	27	27	30	45	36	45	33	2	34	37	19	49	29	3	32	30	18	41	40	7	36	12	18	31	19	21	32
45	29	42	8	42	37	36	43	32	23	29	0	37	21	35	10	29	14	37	17	14	29	46	2	42	15	36	28	15	18	12	48	14	37	26	11	23	19	15	44	24	14	21	16	12	32	49	35	9	17
22	49	7	27	45	9	18	11	13	5	46	34	0	5	42	6	22	28	21	40	5	15	49	10	49	22	25	46	5	20	39	30	36	18	43	18	32	8	8	43	37	16	3	11	25	16	13	2	49	15
44	8	22	48	22	36	37	6	31	17	33	17	41	0	39	13	27	24	16	8	35	14	38	21	33	39	35	11	42	14	22	29	34	34	39	46	28	49	38	12	47	19	33	38	38	6	1	2	17	47
30	14	30	14	25	31	46	39	37	38	11	46	7	34	0	48	27	4	3	23	38	45	48	10	28	41	19	13	43	7	22	22	3	48	15	1	13	19	23	29	34	17	29	26	4	19	3	38	39	34
15	4	16	38	8	48	7	22	46	47	6	19	4	41	11	0	21	23	6	32	35	40	43	12	10	31	22	24	46	35	49	21	21	11	46	28	41	42	11	9	40	19	28	43	22	41	43	26	6	3
13	19	38	17	46	18	37	19	12	40	48	45	45	4	16	17	0	30	42	29	41	36	45	48	12	20	47	25	44	10	31	23	19	39	34	37	21	34	5	6	42	36	31	5	10	4	2	32	12	38
44	23	30	4	35	32	24	16	7	7	33	41	45	1	38	9	12	0	40	13	44	31	6	27	17	18	21	20	21	9	40	24	8	37	43	26	34	5	13	31	39	3	22	41	5	18	30	26	47	4
3	39	8	15	14	22	4	17	24	28	8	5	23	32	31	47	7	31	0	42	36	47	36	41	10	45	18	30	29	10	2	36	32	28	36	44	29	43	7	24	40	13	2	43	47	23	17	2	19	28
39	30	18	28	15	3	2	26	23	19	41	49	31	10	39	18	26	16	6	0	38	32	36	43	11	21	22	30	41	10	20	15	19	29	45	48	30	21	32	42	34	31	35	2	20	34	7	34	21	23
28	29	33	28	27	26	12	29	4	26	41	42	38	19	40	21	23	29	16	33	0	19	42	15	30	12	36	2	31	18	48	32	25	24	47	43	47	10	33	34	33	18	41	47	47	13	33	49	21	42
23	34	8	30	6	34	21	44	5	34	41	41	33	47	23	41	10	22	22	29	5	0	18	4	7	13	40	8	6	31	1	24	23	46	16	22	11	32	30	18	49	48	19	37	27	6	7	41	9	27
7	7	10	23	25	23	31	11	14	9	30	4	48	14	26	24	28	35	36	15	16	47	0	8	40	15	40	28	8	1	47	44	13	19	32	2	19	42	37	18	37	21	33	6	12	42	13	5	39	25
28	11	42	25	2	17	37	44	23	4	45	15	42	10	42	18	8	37	13	28	8	10	27	0	25	19	4	38	30	30	3	28	44	9	17	46	16	33	39	25	38	10	14	48	34	20	7	42	44	15
25	23	13	7	16	44	1	2	2	31	10	14	6	39	8	10	16	5	16	10	6	23	36	24	0	26	14	41	10	29	3	29	15	4	12	49	21	13	39	31	19	28	13	23	2	39	24	24	41	49
39	28	13	14	34	42	42	10	9	17	29	12	16	33	39	41	35	15	49	42	39	10	9	20	20	0	12	18	23	42	36	39	35	17	29	35	25	41	15	39	38	21	36	34	31	33	6	2	34	44
8	7	13	9	40	10	13	14	15	26	16	12	23	14	24	46	15	34	19	11	28	43	39	6	27	22	0	6	12	31	36	8	35	49	18	49	40	38	12	49	23	19	28	19	6	48	1	41	35	7
31	41	38	12	30	43	39	11	24	43	18	26	6	17	48	34	22	44	11	26	5	25	44	8	12	25	5	0	10	14	44	32	46	8	6	6	9	29	37	17	9	12	46	22	46	48	43	17	29	23
5	28	40	30	41	45	14	7	18	48	43	41	18	31	2	13	39	22	21	19	9	4	37	44	6	5	29	28	0	49	21	24	36	6	33	24	31	1	15	16	29	22	30	16	47	26	22	9	6	37
34	11	29	3	33	15	21	6	2	1	34	28	33	30	41	37	46	33	48	10	9	41	33	6	4	32	21	12	37	0	30	11	12	15	1	41	14	11	4	27	20	5	18	31	46	23	32	31	6	24
32	27	32	2	16	12	25	27	32	28	46	7	47	14	39	24	22	36	45	9	15	38	15	16	27	10	5	3	38	11	0	36	2	46	11	31	41	11	46	31	16	41	10	31	1	20	15	15	1	20
46	1	21	7	16	49	41	8	38	31	30	28	2	18	46	10	44	28	43	47	7	15	44	17	34	45	37	24	28	49	16	0	44	5	39	9	36	12	22	44	23	9	31	6	5	33	8	10	20	25
44	40	42	49	7	43	6	43	48	28	12	30	20	24	11	45	23	6	8	14	23	48	25	38	41	27	42	5	27	24	31	47	0	9	38	12	21	32	48	36	7	27	29	8	11	19	12	41	3	20
12	23	3	35	30	46	23	25	34	41	22	16	4	9	12	1	11	18	6	7	5	25	19	47	40	9	23	7	46	19	11	49	49	0	32	41	30	26	10	31	26	13	21	9	29	44	30	14	6	1
23	27	34	14	22	48	5	8	35	33	10	28	37	8	35	10	30	35	24	27	19	10	17	43	24	2	40	26	29	3	13	22	34	44	0	16	33	12	44	25	21	28	21	20	38	1	29	8	2	14
27	22	33	16	29	49	49	18	47	36	8	5	30	15	6	8	7	38	29	16	26	9	15	3	30	47	41	21	13	46	5	24	47	23	1	0	25	36	2	1	40	10	22	32	11	44	9	6	48	4
33	23	40	42	39	16	46	17	18	33	25	48	39	20	3	15	14	43	7	6	34	11	4	15	19	25	16	49	44	41	6	8	24	45	25	17	0	28	49	20	49	21	42	45	24	27	14	35	37	27
31	9	36	33	36	40	49	15	41	45	44	26	5	30	36	22	32	46	47	14	33	6	14	18	28	26	29	2	27	9	10	32	41	11	1	18	32	0	9	17	13	22	36	35	13	8	19	38	34	27
17	11	16	28	9	3	31	33	21	7	11	15	6	17	44	10	30	2	32	43	37	32	34	34	35	23	17	28	15	7	6	30	31	6	31	42	8	28	0	3	31	46	46	9	7	7	30	18	26	18
13	2	12	27	24	16	34	1	14	4	17	11	19	24	49	22	11	37	27	4	11	39	29	26	40	48	49	39	11	47	41	11	38	28	25	5	34	10	4	0	48	13	44	43	45	43	20	49	5	28
39	28	20	38	17	15	45	34	40	9	31	6	21	9	30	5	45	13	16	18	37	12	7	25	13	45	8	33	12	3	33	34	21	35	2	10	23	9	48	19	0	48	20	6	4	18	42	34	16	15
1	31	43	32	6	14	9	35	32	32	34	14	35	42	34	45	35	19	36	16	13	40	41	40	40	32	30	8	11	14	2	27	9	43	42	49	18	16	20	45	31	0	1	28	28	35	7	8	6	6
13	46	19	11	38	46	36	43	32	47	3	41	46	16	49	49	18	11	6	9	23	18	29	39	43	34	49	44	31	10	23	22	46	27	21	21	16	29	11	25	21	8	0	6	18	44	40	31	34	41
6	37	25	1	13	24	23	39	11	14	13	10	22	46	2	9	31	28	39	10	38	45	47	13	2	10	31	6	31	48	15	26	49	45	43	29	13	25	20	13	6	1	47	0	20	1	6	9	7	25
12	48	15	21	21	46	20	8	3	29	13	21	9	39	4	27	48	22	45	29	30	36	38	4	26	12	25	30	8	1	23	36	13	10	38	26	25	24	3	42	10	16	34	18	0	44	1	31	36	31
3	49	24	39	45	36	27	3	26	21	18	39	30	14	10	34	17	44	4	48	3	16	10	2	5	22	6	21	35	36	38	43	9	49	10	9	43	25	38	32	19	43	47	17	42	0	5	48	49	47
12	2	36	26	17	5	36	12	16	45	31	25	21	8	3	43	14	48	46	45	22	38	7	25	9	31	34	29	46	22	45	11	26	23	36	4	8	7	17	16	37	21	44	45	9	33	0	43	45	22
5	17	34	39	13	11	36	21	4	14	28	12	14	26	45	33	19	2	19	37	38	35	48	45	44	13	18	45	16	15	32	12	42	36	14	39	40	22	2	19	26	11	17	45	17	13	25	0	40	42
38	21	6	5	26	1	34	3	15	7	2	19	34	8	35	28	26	9	31	35	7	28	27	37	4	22	17	42	42	5	14	45	7	32	7	5	15	18	33	9	9	22	18	23	33	2	49	27	0	10
9	22	49	24	27	3	49	4	12	15	11	19	20	32	33	21	40	33	21	19	6	5	1	32	17	10	16	13	32	26	7	17	29	16	26	24	20	40	3	49	2	4	8	13	40	31	11	49	6	0
M7
0	27	28	45	24	49	44	2	41	13	5	37	44	42	34	31	48	16	43	48	32	20	11	10	48	20	31	9	16	9	33	15	8	27	36	46	41	1	29	10	38	38	6	39	19	40	29	37	21	20
19	0	31	49	6	15	31	6	21	43	12	30	22	8	42	43	19	45	12	33	28	21	32	44	18	1	17	16	20	11	26	15	27	10	45	13	46	31	38	21	38	20	39	48	40	40	12	33	36	43
24	31	0	36	12	21	43	7	32	36	30	40	48	41	22	32	11	8	20	28	3	36	37	26	49	27	16	39	39	7	12	11	6	8	25	16	19	8	12	33	10	27	35	23	14	33	3	28	3	25
26	19	45	0	10	39	12	32	28	12	9	15	16	38	21	47	29	11	40	35	4	20	47	4	38	39	48	27	3	34	6	9	46	43	25	5	21	10	42	33	11	48	45	24	29	39	44	21	43	41
21	31	47	35	0	22	46	33	32	7	13	5	16	2	36	12	41	36	49	11	23	42	32	9	17	8	30	43	10	5	17	1	27	3	2	8	17	3	38	42	35	48	42	1	18	3	34	3	46	28
26	48	49	5	20	0	24	43	15	41	8	16	25	15	39	36	15	16	32	20	9	37	14	1	36	40	5	27	42	38	42	42	11	5	35	6	47	1	24	34	46	22	25	43	24	32	41	42	24	21
45	43	30	18	10	16	0	40	32	32	49	1	22	44	18	30	32	47	48	10	42	43	29	38	33	3	45	20	24	28	26	31	40	4	32	31	18	10	46	42	43	8	15	8	47	16	22	17	31	43
32	4	27	32	48	42	39	0	2	48	28	35	15	28	22	20	41	25	48	38	11	43	33	49	5	18	39	17	2	9	36	49	8	6	16	49	7	44	17	5	37	45	10	48	6	41	17	35	20	5
40	41	26	38	15	29	5	25	0	20	17	42	39	40	13	7	12	3	17	2	5	29	43	29	48	26	33	48	20	22	35	32	47	38	5	33	43	49	8	38	22	20	27	18	32	16	21	33	37	46
2	15	44	12	22	48	41	36	48	0	31	23	29	46	48	27	47	20	27	6	9	17	44	14	11	12	48	13	32	48	10	14	48	36	14	13	2	7	22	27	44	42	33	17	15	18	19	10	44	38
22	3	25	33	15	25	8	25	46	15	0	47	47	38	19	35	20	31	41	49	15	32	27	4	49	25	25	40	28	21	7	29	29	43	43	40	39	43	1	26	9	18	26	3	45	48	23	6	14	15
43	16	15	13	32	16	44	20	28	3	29	0	13	23	23	21	37	20	8	16	30	3	27	43	7	44	26	45	2	41	30	41	30	15	20	26	1	5	30	37	21	14	34	49	31	10	22	8	15	7
39	43	27	16	23	47	2	23	28	27	33	34	0	3	40	9	32	42	18	40	23	41	31	23	28	2	43	39	12	42	46	4	9	8	6	41	42	20	28	29	23	6	43	13	6	39	13	1	5	24
11	27	39	45	12	14	20	7	42	33	17	26	7	0	46	14	46	35	33	5	23	31	10	13	43	26	34	5	30	21	17	24	14	25	12	22	32	8	20	1	38	49	35	11	34	21	4	41	48	17
18	44	36	38	5	15	7	31	25	26	36	43	41	13	0	23	34	47	12	41	34	12	34	17	49	47	20	5	38	3	44	16	35	14	23	9	23	17	13	48	41	36	7	42	21	21	28	23	11	42
15	11	44	1	45	2	47	1	19	43	16	35	7	14	27	0	43	22	40	44	39	44	8	13	4	30	5	7	18	6	44	28	9	11	23	29	37	12	35	28	4	25	32	28	13	44	15	28	33	41
26	2	10	7	6	30	36	23	4	19	14	16	29	10	12	46	0	13	19	17	21	46	49	46	49	25	12	9	5	3	25	13	1	9	31	3	2	3	3	26	7	41	37	6	10	27	33	22	40	9
32	23	18	46	46	46	48	47	16	18	18	22	7	18	39	31	7	0	36	39	39	16	43	48	43	7	4	22	49	22	12	29	37	26	33	3	35	29	49	24	48	4	47	45	25	11	34	18	32	42
22	37	46	30	34	9	7	34	40	16	20	5	11	18	26	43	15	33	0	46	35	31	21	49	2	22	33	28	29	5	13	47	40	10	18	36	32	28	42	2	38	10	41	19	8	48	33	46	20	26
25	47	25	46	30	44	48	34	6	4	1	26	23	11	39	41	14	8	34	0	30	48	22	6	24	27	38	10	11	20	20	25	20	48	43	38	27	35	2	48	41	21	38	17	47	17	6	17	3	13
45	26	25	24	33	31	13	34	31	39	37	43	13	19	37	35	23	38	36	16	0	9	16	18	20	24	20	22	31	10	40	17	10	18	20	28	6	22	25	20	8	8	27	20	38	43	49	11	19	10
13	14	46	28	32	4	25	18	3	8	22	2	15	2	6	29	6	31	27	2	12	0	8	22	42	4	8	9	23	4	17	43	13	29	31	43	45	38	8	40	34	8	17	16	6	31	15	11	19	1
8	17	4	28	4	36	17	1	49	27	14	6	20	11	28	27	36	21	18	40	2	2	0	47	30	14	9	43	22	6	41	11	45	7	47	36	23	2	38	24	49	2	37	25	17	29	25	33	23	7
35	25	9	26	28	43	15	19	16	36	7	16	21	16	6	8	36	27	11	12	3	16	33	0	22	1	12	40	43	3	44	11	49	39	20	25	38	19	18	9	4	22	2	43	27	28	29	27	21	44
28	19	13	30	7	36	24	2	30	15	3	14	12	9	49	29	28	35	9	7	26	7	46	30	0	6	26	13	2	29	26	33	27	14	35	46	9	18	43	23	39	30	17	39	37	19	10	22	45	48
47	29	7	33	8	28	17	10	41	39	35	31	48	10	36	30	15	24	6	35	39	41	36	12	14	0	27	8	37	35	10	23	49	36	3	14	16	9	34	24	26	10	12	30	37	15	46	17	47	23
21	20	1	10	2	32	22	9	29	18	22	30	35	42	26	36	4	9	10	10	2	14	13	43	28	44	0	31	20	19	8	8	39	29	35	18	43	33	39	7	45	4	17	13	15	1	27	44	45	18
1	12	11	25	20	25	41	29	44	34	36	28	43	27	9	9	16	1	25	18	35	7	4	45	13	37	38	0	33	48	43	27	2	31	27	11	1	44	18	41	43	3	2	12	8	4	40	36	35	6
23	46	42	19	13	3	46	16	5	23	44	18	33	7	26	26	23	13	29	9	42	18	45	46	25	19	18	11	0	10	41	1	34	20	44	45	12	13	49	35	49	11	18	21	43	47	22	28	42	26
19	14	3	46	35	46	15	30	9	48	33	18	7	12	11	34	10	22	49	41	39	33	39	38	46	30	29	45	26	0	13	18	23	31	14	38	28	46	4	49	29	5	18	32	20	29	44	29	21	33
20	41	32	8	6	21	2	11	18	21	4	33	49	23	12	4	41	44	31	41	12	2	17	8	24	16	43	18	39	11	0	44	8	39	14	16	26	5	35	5	36	8	11	26	24	26	11	47	40	14
22	47	48	9	29	26	44	44	35	40	46	5	15	30	23	38	15	21	4	27	31	31	25	4	34	36	38	43	16	49	47	0	49	39	18	36	25	46	22	18	32	36	33	49	14	27	13	24	25	11
23	40	12	14	6	5	38	24	31	31	24	6	43	30	23	36	28	9	29	25	9	6	24	9	19	27	7	20	37	5	13	36	0	45	24	35	46	33	28	23	3	32	23	2	27	19	46	12	19	14
10	34	43	21	12	32	38	15	42	40	43	8	10	19	48	11	27	19	48	8	25	47	42	30	44	30	14	22	3	48	17	8	22	0	44	37	33	16	48	5	15	20	38	34	41	34	16	21	36	17
23	46	5	2	31	6	41	40	28	26	12	8	19	28	40	15	4	49	1	23	44	31	30	49	40	7	12	24	27	49	39	41	3	24	0	36	36	22	2	4	19	30	10	6	21	13	17	39	46	47
29	18	15	20	37	49	34	1	10	6	27	33	47	35	44	2	23	2	38	47	34	28	2	38	42	32	3	22	22	29	15	5	34	11	48	0	4	35	32	39	43	25	20	40	17	49	34	2	5	39
33	38	13	2	46	24	20	31	29	12	45	47	35	5	43	28	42	7	5	34	9	43	7	13	8	14	14	8	47	30	39	29	48	45	3	45	0	16	34	11	19	46	13	34	20	27	38	25	32	12
47	8	34	35	38	44	20	38	45	16	44	31	36	25	5	1	43	30	4	15	43	11	28	41	15	43	34	24	29	49	22	1	7	29	34	39	31	0	31	21	35	36	17	4	40	13	22	34	27	42
39	7	43	25	37	13	33	33	32	5	41	25	13	35	29	42	13	23	20	39	2	25	37	36	17	45	27	40	30	43	3	27	1	30	27	20	24	11	0	2	31	14	15	43	16	47	13	48	42	34
38	1	45	12	24	39	49	17	2	43	39	43	15	34	9	15	46	11	26	21	41	34	23	5	19	42	27	30	4	49	17	43	11	25	45	32	38	49	26	0	25	24	35	18	45	39	17	25	11	19
15	11	44	6	32	24	27	40	46	24	29	13	4	5	23	13	14	47	1	24	33	20	49	31	48	23	13	14	29	39	46	9	30	49	28	36	5	1	4	20	0	14	9	2	5	22	19	33	17	6
24	20	17	18	35	6	14	27	37	11	42	34	38	10	18	22	35	21	48	20	21	15	22	47	24	48	49	46	47	12	34	14	10	10	37	42	28	12	32	12	36	0	1	36	31	39	16	47	27	22
37	39	10	1	41	27	49	47	13	23	9	6	27	25	25	3	8	34	3	3	40	14	40	30	29	13	6	30	11	39	5	27	12	39	13	10	22	37	21	49	26	10	0	21	35	27	41	48	16	15
40	6	15	16	8	49	18	40	47	27	28	17	31	38	31	40	9	29	18	46	22	10	34	13	2	33	1	35	30	14	24	3	22	20	24	19	33	23	37	15	22	48	24	0	37	6	32	29	40	40
19	43	8	23	9	46	39	46	31	46	9	35	26	15	5	25	24	37	34	25	42	15	28	27	11	37	5	38	15	27	40	11	4	10	6	48	13	20	13	49	34	38	30	42	0	12	40	24	28	5
12	47	43	36	15	45	8	38	9	28	4	36	48	41	26	13	36	41	28	12	24	32	23	47	21	12	32	20	16	28	42	11	10	3	13	31	40	22	17	41	10	48	14	19	25	0	5	26	38	45
21	13	42	20	37	35	10	15	45	30	22	19	4	11	1	39	42	29	4	32	9	16	15	33	33	31	10	5	12	33	30	13	5	18	43	4	10	14	48	14	1	8	14	42	49	9	0	42	13	18
10	23	18	43	22	40	2	29	11	27	48	10	49	49	10	6	34	45	11	23	42	22	39	26	28	12	39	35	42	15	42	33	39	11	17	9	9	32	11	13	2	11	30	12	12	17	13	0	43	17
30	17	40	10	28	38	3	2	5	29	44	1	7	39	43	22	33	35	25	8	41	32	39	47	25	36	47	36	16	47	37	44	27	34	18	14	45	34	34	32	7	42	27	6	17	19	11	32	0	7
15	9	8	5	15	43	38	6	19	14	24	35	39	15	13	13	12	4	11	41	24	8	16	3	23	1	10	5	43	1	14	43	39	14	5	41	33	36	5	13	40	23	5	28	15	5	37	11	40	0
M8
0	35	10	17	33	38	48	49	31	47	47	39	30	31	30	3	30	36	49	10	35	11	26	28	28	4	43	7	5	39	5	42	46	42	30	8	11	20	16	29	36	18	37	49	42	26	14	43	44	16
4	0	48	46	38	23	5	23	2	35	42	34	8	20	27	44	46	47	35	34	25	49	43	23	28	28	26	48	11	18	22	30	31	32	36	20	17	14	21	28	27	9	18	35	49	8	32	40	12	44
6	3	0	5	26	18	39	11	49	18	16	17	14	40	23	5	10	34	30	25	9	26	10	11	22	24	37	11	11	22	25	40	11	12	45	40	18	3	45	14	17	35	12	28	43	1	46	46	15	38
31	22	14	0	41	49	45	18	15	21	40	45	10	29	29	42	31	14	39	38	18	18	4	24	47	6	34	17	2	12	11	38	32	2	42	30	12	39	43	20	3	19	41	42	5	21	15	44	23	38
42	48	8	41	0	11	48	36	18	26	15	38	21	44	22	31	45	2	1	7	37	30	33	9	13	20	6	15	8	25	26	37	23	15	4	38	19	34	49	40	17	2	38	5	11	33	20	38	43	44
15	15	12	2	46	0	18	37	37	8	44	34	31	5	5	48	4	2	47	15	38	20	11	26	10	7	44	9	5	38	40	1	42	9	49	48	17	30	23	26	7	40	47	35	42	7	43	21	33	36
49	5	5	31	9	17	0	5	8	44	31	28	45	11	47	49	8	46	41	3	35	27	13	48	15	25	31	14	13	6	23	8	45	27	30	29	39	4	11	44	2	43	30	14	13	8	44	45	37	14
3	3	45	42	35	35	12	0	24	32	37	13	29	11	10	13	37	45	26	32	28	33	41	15	24	47	16	20	23	22	40	13	33	4	25	27	43	28	41	31	41	37	48	1	38	20	2	15	10	18
27	28	23	9	11	47	21	13	0	27	5	34	40	22	47	6	31	47	28	15	30	49	43	20	32	25	31	39	8	24	23	47	28	26	30	39	11	22	15	12	45	32	10	7	34	9	48	11	35	10
28	48	29	41	39	1	42	35	14	0	27	12	44	4	26	19	37	22	37	17	49	4	26	2	8	36	36	14	47	15	44	29	23	40	49	13	7	26	24	31	38	14	28	40	14	19	41	49	41	17
40	4	21	22	37	25	21	43	9	15	0	12	43	30	39	11	8	33	22	36	32	25	1	35	8	8	32	9	22	16	37	31	15	29	47	17	43	20	1	32	45	40	2	8	23	11	5	15	8	21
47	27	8	38	38	19	25	14	48	34	15	0	40	19	22	44	46	27	23	15	43	47	41	15	37	10	18	40	4	27	44	46	1	29	29	18	46	25	22	4	31	28	27	40	32	39	40	18	43	23
28	2	25	28	41	29	37	4	4	23	48	25	0	21	16	14	9	44	3	28	25	21	40	28	36	49	37	29	10	32	27	33	13	26	36	33	38	14	25	15	23	8	45	8	26	38	37	18	31	32
16	11	43	33	34	9	11	46	40	41	4	8	1	0	37	29	14	24	29	15	36	47	29	33	47	25	15	23	1	15	26	38	3	34	19	23	14	47	13	18	38	27	4	8	46	43	39	3	42	37
26	32	23	44	25	25	24	25	29	23	33	35	14	24	0	22	6	25	45	16	44	15	49	26	19	21	22	41	47	30	15	16	21	30	4	32	23	31	15	14	3	28	43	26	18	17	35	10	43	49
29	28	48	24	22	40	34	24	10	4	34	15	49	43	35	0	49	29	13	49	13	45	24	10	17	19	35	11	31	17	38	32	11	33	32	40	36	29	38	34	13	47	11	6	5	40	37	14	39	49
6	42	20	35	40	42	20	43	33	47	11	15	35	28	24	4	0	4	7	30	39	9	24	13	25	5	1	23	22	16	9	48	41	42	32	37	29	26	41	35	27	9	42	22	28	32	3	1	23	8
42	22	47	17	6	19	47	46	34	5	30	47	39	29	21	46	4	0	36	45	26	43	34	42	18	42	41	5	13	2	4	15	48	48	12	24	9	24	4	28	11	8	41	1	7	47	26	42	32	48
21	31	11	27	10	24	32	25	5	41	17	36	40	40	27	33	34	14	0	8	18	7	49	42	4	37	20	23	43	36	47	7	16	32	8	33	17	27	22	41	1	8	41	36	39	17	48	30	13	11
39	18	22	43	4	49	35	8	26	28	7	1	19	17	14	45	22	22	32	0	26	47	48	13	8	3	19	14	37	26	39	8	47	49	21	16	3	46	8	48	24	7	9	36	10	24	2	4	23	46
37	36	18	26	25	36	20	27	14	30	3	49	27	49	34	16	28	21	43	47	0	8	22	22	3	3	2	2	20	41	8	10	31	16	37	36	47	9	26	22	18	27	30	12	32	7	24	48	38	28
7	48	40	10	15	44	3	7	39	11	4	8	2	36	49	25	37	37	13	5	22	0	1	27	16	23	12	26	33	23	1	41	40	35	24	22	37	20	48	48	17	10	21	8	14	21	20	3	11	34
2	38	31	44	3	9	42	40	47	23	4	49	36	27	12	14	47	49	31	12	45	31	0	34	38	13	6	15	8	12	17	46	20	30	2	27	45	35	17	24	31	10	1	4	11	38	22	21	42	20
47	48	45	13	43	17	23	14	7	6	10	48	43	36	30	47	45	44	11	15	8	30	16	0	39	26	15	19	23	27	21	18	15	2	15	11	33	28	23	30	1	10	24	33	3	11	13	45	2	24
3	7	21	36	34	31	23	6	7	48	42	21	47	30	29	12	20	26	4	29	15	45	47	3	0	49	40	29	21	38	40	13	7	38	32	39	10	15	36	45	32	40	27	33	8	14	16	30	38	20
45	27	40	12	24	25	10	2	49	22	6	1	36	22	24	4	18	18	36	4	9	40	37	21	40	0	18	17	11	2	10	10	37	3	22	10	34	41	2	45	41	40	9	18	21	46	46	23	17	26
16	23	36	46	36	41	42	30	4	5	11	15	32	14	14	13	11	31	8	42	45	11	24	44	49	40	0	46	30	22	10	14	3	1	30	2	16	13	5	41	47	33	2	14	22	34	4	4	26	30
3	10	40	19	45	41	3	44	28	4	40	11	7	46	24	1	17	44	3	45	21	44	48	34	15	47	36	0	26	44	29	21	27	22	26	20	36	29	30	14	25	14	49	25	45	49	33	48	3	45
13	14	7	28	21	47	19	27	21	16	38	15	29	12	6	38	40	33	5	28	17	32	9	6	17	27	32	36	0	7	18	8	26	6	25	17	47	32	15	35	46	20	13	26	9	10	42	34	1	46
4	32	47	22	20	49	38	22	33	48	26	19	6	23	21	30	30	46	41	28	28	18	9	11	24	17	29	41	39	0	36	8	37	24	25	30	5	44	35	21	6	24	47	46	37	15	18	43	44	43
11	10	5	23	33	22	37	40	12	47	12	11	1	13	11	5	34	8	16	34	38	39	39	26	1	34	45	34	21	8	0	12	1	23	40	44	41	35	25	24	48	32	43	27	47	23	17	22	27	10
1	48	20	19	5	24	11	7	40	42	33	22	28	49	4	45	11	24	31	13	27	22	28	23	15	7	22	11	22	25	43	0	2	16	37	42	20	5	38	42	33	30	46	12	20	20	29	26	36	34
11	49	39	16	13	4	4	19	38	39	29	32	31	23	3	1	8	49	21	1	40	31	23	31	39	3	25	1	23	12	5	15	0	15	10	25	6	7	44	14	28	24	35	8	1	5	6	8	39	27
44	34	33	19	30	40	33	20	23	6	35	13	21	3	43	34	31	12	35	43	16	17	27	36	29	31	32	13	1	8	5	3	37	0	10	15	38	39	21	42	5	18	41	42	29	36	33	49	12	40
30	20	39	25	49	15	10	22	48	34	29	37	40	8	35	47	33	38	43	1	27	26	25	18	24	41	9	9	47	2	30	22	44	48	0	42	25	19	4	47	46	17	11	28	15	42	48	17	1	22
17	9	3	39	15	31	34	3	49	42	9	40	6	15	18	5	39	28	13	8	18	20	16	4	21	40	1	46	16	29	28	31	44	36	27	0	14	4	35	9	37	39	25	27	10	6	31	25	44	34
2	32	20	45	11	29	36	22	49	31	36	33	46	18	2	37	9	2	27	48	21	19	49	30	4	24	46	34	36	49	33	1	45	19	31	39	0	23	14	5	22	43	15	38	17	34	19	7	39	35
46	30	21	35	21	18	44	30	28	41	13	28	4	28	32	23	4	40	14	25	32	5	32	14	28	31	19	48	32	8	19	7	29	47	6	42	4	0	35	5	13	38	33	1	48	6	17	48	25	12
21	47	3	25	46	12	5	17	38	31	39	19	49	22	39	8	23	49	22	40	1	33	9	24	8	44	28	33	27	44	22	14	16	31	5	19	47	22	0	18	46	33	31	45	46	12	19	33	39	25
13	22	32	27	5	34	21	47	31	39	19	17	43	13	25	43	20	1	20	36	25	5	3	34	37	48	39	12	7	12	21	45	21	6	17	34	44	5	38	0	34	35	46	4	34	39	26	5	43	31
25	18	3	33	23	40	9	5	20	29	48	7	32	49	48	9	3	10	4	26	43	4	46	18	7	33	8	7	19	5	28	47	26	34	43	11	34	33	23	29	0	25	3	9	17	27	12	19	28	9
12	28	28	26	12	11	29	16	14	5	42	27	26	32	13	23	20	21	21	3	25	38	40	19	7	14	12	10	40	17	43	37	5	8	27	31	29	1	11	13	7	0	26	23	16	10	15	35	47	12
2	29	47	29	16	11	46	44	18	40	22	15	23	30	16	2	5	1	41	42	38	37	27	30	8	45	27	43	5	36	1	26	16	2	41	29	14	49	48	24	15	29	0	34	5	43	29	41	48	41
27	46	6	42	25	31	9	21	38	35	9	6	49	46	13	4	5	12	26	37	3	3	12	30	28	46	29	3	45	25	22	49	37	35	44	31	28	36	26	23	2	41	33	0	44	23	19	4	14	5
39	43	40	6	31	33	24	14	36	47	3	43	44	33	22	10	5	3	19	39	48	22	6	14	26	36	19	18	17	10	7	22	8	21	23	32	45	17	45	40	13	17	15	6	0	44	23	12	27	3
42	17	37	12	42	44	26	47	34	49	10	6	28	3	23	6	22	34	45	49	2	26	36	11	36	33	24	37	16	30	20	32	49	36	41	14	41	3	19	45	37	31	33	17	35	0	32	30	26	24
21	45	39	31	31	5	45	1	27	6	48	17	1	21	49	25	34	10	32	29	27	47	36	1	29	42	48	40	34	12	14	30	27	19	1	9	16	26	12	49	35	21	24	14	6	15	0	16	41	16
35	38	24	49	40	17	21	33	49	15	36	11	39	21	8	43	44	11	41	15	7	32	18	21	4	22	27	38	34	46	41	34	4	41	1	38	6	11	44	6	32	46	44	22	36	1	46	0	10	37
41	45	2	28	10	32	20	48	20	8	3	16	10	35	40	35	45	40	46	24	23	8	29	31	41	21	37	24	10	6	13	1	1	44	34	46	23	16	40	17	11	41	11	43	27	6	32	41	0	44
32	11	4	36	43	13	1	14	4	40	27	13	13	37	25	43	17	7	47	33	37	14	31	5	42	37	5	26	1	6	19	24	22	4	28	12	29	34	9	43	12	20	20	23	15	16	41	11	2	0
M9
0	44	37	29	8	43	29	26	10	17	36	36	41	5	6	9	13	35	8	40	37	47	34	26	46	29	27	11	31	28	18	39	40	13	4	28	33	5	9	19	22	40	27	41	18	20	25	20	14	47
26	0	41	33	27	23	25	42	27	25	1	46	2	11	5	35	9	5	27	16	46	33	40	43	15	15	30	38	40	42	16	43	19	44	14	28	20	30	21	14	38	40	20	18	11	16	26	43	17	27
49	1	0	41	30	17	17	3	40	44	32	3	7	46	24	14	1	34	26	47	27	8	9	42	49	48	22	29	15	11	31	5	34	2	28	32	38	38	18	29	43	30	46	40	10	7	38	29	7	9
29	3	48	0	48	8	32	33	24	3	28	30	11	19	28	12	16	31	37	10	13	5	28	16	37	49	37	29	28	22	2	1	23	30	49	39	22	21	9	19	33	26	25	21	18	37	24	26	5	41
44	12	16	19	0	43	48	18	28	21	30	36	22	47	46	41	19	28	11	23	42	36	36	21	26	35	35	16	22	17	15	8	30	18	23	38	32	32	35	32	39	19	19	49	40	23	33	6	27	49
36	13	48	34	17	0	34	6	23	10	28	15	17	44	46	17	40	36	35	47	8	19	40	9	7	36	24	35	16	28	38	35	45	4	19	47	38	41	23	40	49	18	23	17	18	5	20	15	20	9
32	3	45	44	7	32	0	7	15	11	23	3	22	41	14	24	12	36	27	39	42	43	22	22	24	7	35	49	13	4	30	37	8	18	15	31	6	3	25	38	24	49	28	41	32	42	30	14	24	25
11	40	4	3	13	49	27	0	29	35	26	11	7	16	44	16	49	35	9	1	49	23	20	21	23	29	27	1	1	47	16	17	12	3	5	8	15	44	34	19	30	36	48	19	13	17	18	31	48	46
35	24	26	30	16	3	6	14	0	40	47	4	20	5	32	41	37	6	39	46	21	29	25	42	17	2	29	38	25	4	10	5	11	27	25	12	19	41	2	11	26	46	16	19	48	27	20	22	34	26
34	16	11	33	12	38	14	6	13	0	24	25	25	26	25	27	8	49	42	34	6	42	46	19	44	27	39	29	3	49	31	41	10	28	1	6	42	35	33	18	16	15	44	47	23	16	29	23	15	49
8	38	17	34	10	48	21	27	41	2	0	23	49	11	42	11	9	26	16	4	35	33	29	22	7	48	17	16	26	6	10	45	22	48	14	33	27	41	32	46	37	27	48	4	14	20	1	41	14	27
21	7	43	36	4	1	36	19	2	40	21	0	12	28	4	19	13	13	6	8	20	40	27	6	29	1	33	46	34	12	27	30	37	21	44	30	30	6	13	26	13	15	9	25	16	4	8	42	1	7
37	3	19	4	3	6	7	30	20	20	45	5	0	2	48	48	33	3	1	45	5	4	25	18	16	5	27	7	42	33	42	16	37	26	26	2	9	49	37	2	5	47	16	12	39	9	9	5	47	18
3	5	28	6	9	2	7	35	29	37	34	18	24	0	18	14	20	28	23	49	30	23	32	37	21	30	9	7	3	2	2	21	22	18	20	11	34	26	10	34	30	46	30	48	9	39	19	17	13	2
30	25	39	17	44	34	20	22	26	32	49	18	43	30	0	46	20	47	45	40	4	17	40	40	9	20	38	12	44	35	46	46	24	9	43	10	43	17	47	43	15	22	22	22	2	34	24	19	19	31
28	12	43	26	12	40	6	11	39	46	43	36	21	10	14	0	40	19	8	5	5	23	15	45	21	14	7	43	33	17	16	14	10	17	20	23	20	28	28	44	23	16	37	42	46	30	42	24	44	25
35	30	40	1	32	11	12	28	47	40	6	46	12	41	12	23	0	22	46	10	15	24	42	40	20	24	48	43	32	26	1	32	38	30	23	39	16	12	26	3	18	49	34	18	17	26	26	8	16	9
42	36	42	20	32	18	30	5	19	9	5	46	25	9	44	13	13	0	42	48	47	16	16	16	29	23	41	4	29	33	8	24	9	17	18	24	31	9	22	10	35	13	28	44	32	16	17	37	41	6
22	21	2	19	41	39	12	2	1	2	37	13	17	29	34	49	3	20	0	45	29	40	4	35	39	42	19	12	34	44	17	9	32	26	5	12	39	34	37	32	17	25	25	15	7	28	23	33	48	17
32	24	16	22	38	33	8	43	14	11	24	19	39	41	49	35	10	37	40	0	18	38	36	17	48	8	24	42	28	3	37	44	18	10	49	4	37	24	17	28	30	35	2	23	9	18	4	41	7	46
10	3	31	7	31	1	7	2	23	36	43	24	15	46	39	44	28	40	20	1	0	34	14	3	10	7	3	24	24	43	15	27	15	34	19	28	36	32	18	40	30	21	43	42	48	20	39	45	23	38
38	20	40	44	26	17	30	43	25	18	35	42	5	13	13	38	43	30	4	15	18	0	45	36	22	8	35	45	39	31	28	27	31	21	5	1	18	29	32	13	29	40	32	37	21	21	7	32	22	45
27	17	17	3	19	31	27	11	25	39	46	9	10	33	30	27	9	17	31	34	11	41	0	26	37	2	21	30	1	33	7	7	8	21	17	35	22	15	45	39	21	3	15	1	32	40	12	33	8	31
8	24	9	21	18	47	40	4	36	10	5	44	19	39	25	35	26	25	31	38	30	5	48	0	3	11	45	40	48	28	8	28	40	26	47	17	32	18	1	17	4	38	34	21	22	42	36	6	5	49
4	31	1	7	19	37	2	24	9	44	42	40	46	15	17	3	10	25	19	32	44	18	13	41	0	12	12	25	46	40	23	33	24	48	28	16	14	26	25	15	10	6	33	10	4	14	10	11	5	30
49	12	24	32	35	29	14	35	18	44	45	13	11	41	17	47	25	2	12	16	32	3	28	35	23	0	17	18	46	17	38	29	39	9	42	24	17	48	46	34	36	3	46	48	41	18	16	31	46	28
31	29	27	20	15	47	31	2	9	24	5	5	31	5	26	22	46	34	47	26	45	36	27	7	28	7	0	33	8	10	47	5	44	28	14	46	40	41	43	13	37	8	11	21	3	37	42	42	8	15
25	22	24	3	11	9	47	15	20	20	3	41	31	38	30	25	35	8	28	16	47	35	20	17	11	49	7	0	23	35	46	35	42	37	35	36	33	6	16	16	13	28	6	43	46	29	26	44	4	29
41	12	12	48	38	18	19	1	20	23	19	10	10	27	27	30	30	45	44	27	17	31	5	19	18	30	27	21	0	7	45	3	4	27	4	45	44	46	25	24	2	31	23	22	23	13	4	21	33	46
23	35	36	18	36	3	23	4	28	2	17	26	43	13	36	42	8	23	37	20	10	21	30	6	40	47	14	46	38	0	30	44	24	28	44	4	9	1	48	17	37	16	6	10	44	47	31	21	11	15
43	36	5	17	29	45	40	23	25	5	12	4	15	33	46	8	6	5	14	20	13	19	12	35	39	25	29	19	6	25	0	5	4	45	11	30	18	44	3	5	31	2	47	20	25	37	38	49	48	40
23	46	16	44	45	44	40	21	19	10	21	39	33	44	41	12	35	13	9	43	3	37	39	41	29	41	25	17	16	13	25	0	13	48	49	34	21	6	25	49	34	31	25	15	40	1	46	35	14	39
2	12	32	37	3	34	24	16	8	30	25	42	15	47	30	29	5	47	49	2	18	44	30	32	23	16	20	1	25	27	15	12	0	34	25	43	46	37	16	45	9	10	18	37	16	32	19	38	20	27
5	17	34	6	19	25	26	14	36	42	28	45	2	22	48	31	22	40	13	1	48	17	38	1	14	33	2	39	27	25	31	20	31	0	37	43	47	31	2	46	16	41	27	45	16	27	30	3	48	3
15	15	24	10	20	18	42	47	45	35	9	1	22	31	17	24	4	19	24	3	11	11	9	48	46	36	45	14	29	33	27	42	37	23	0	12	39	47	44	5	45	11	22	8	3	1	47	41	12	40
41	37	17	19	19	33	22	27	2	39	10	47	7	44	42	9	6	40	40	14	44	22	39	23	36	5	38	22	10	49	45	47	37	14	23	0	7	3	37	31	1	15	1	47	6	45	11	30	6	22
11	31	44	28	36	8	24	23	14	49	41	11	32	1	7	28	3	32	25	24	31	44	1	17	31	4	18	32	24	7	36	30	43	40	35	36	0	48	33	15	44	48	17	5	44	17	33	26	29	25
17	37	28	35	28	16	19	29	39	36	4	16	2	36	28	35	13	48	44	23	45	48	36	17	10	47	16	16	19	44	1	23	16	27	42	31	5	0	38	1	41	4	7	5	4	20	22	12	3	4
9	8	31	29	30	48	28	33	49	35	25	15	28	45	14	31	40	27	7	43	15	14	11	37	16	36	39	40	37	21	35	34	13	13	7	18	22	5	0	36	34	30	20	28	2	25	15	37	24	44
23	14	16	46	26	29	15	41	8	10	20	5	37	47	37	19	31	43	43	37	47	45	44	1	46	42	33	9	2	5	25	18	4	12	43	34	27	36	4	0	3	35	38	39	26	42	24	9	4	14
43	43	46	36	6	37	14	44	21	43	34	43	1	23	8	24	24	1	39	27	19	5	11	40	33	7	33	7	23	10	12	45	20	2	21	5	15	23	13	4	0	49	39	32	23	31	22	30	21	29
9	22	2	13	12	17	4	36	4	34	47	26	13	1	41	46	6	36	1	20	48	33	20	4	6	17	18	27	39	14	16	20	43	48	1	47	5	17	13	25	41	0	19	29	35	5	47	48	9	42
24	44	14	1	4	45	40	1	27	1	40	7	5	9	46	31	38	39	6	49	44	10	15	4	5	6	28	34	44	49	47	49	17	27	38	6	39	41	3	9	33	36	0	45	17	17	33	20	45	16
7	13	6	25	47	2	2	38	29	4	16	49	5	20	17	5	7	31	25	3	24	19	43	33	35	41	27	29	6	14	14	7	8	45	16	28	32	21	20	44	44	33	24	0	38	8	37	33	28	12
29	11	43	18	3	39	4	5	47	8	38	24	8	15	44	18	26	15	13	31	40	23	28	43	10	49	3	35	26	40	33	40	17	4	4	3	4	9	3	42	7	43	5	16	0	44	27	13	33	25
22	28	14	14	46	21	9	1	45	49	46	20	27	21	11	27	30	19	17	5	41	14	43	35	29	8	44	27	27	2	19	11	49	18	10	31	5	36	20	46	27	4	30	14	38	0	43	9	38	8
12	7	26	1	3	47	21	27	43	4	16	47	5	8	49	42	15	7	15	38	16	2	8	24	5	10	12	14	8	42	27	41	2	23	21	26	10	38	25	11	21	18	34	17	18	6	0	4	39	43
46	25	12	28	21	21	29	12	38	30	49	28	37	19	22	44	25	28	33	9	41	31	15	20	45	16	19	43	35	34	14	21	29	7	16	22	41	42	47	47	3	42	39	17	38	37	32	0	41	29
24	15	1	32	45	41	34	27	1	33	34	40	2	29	5	13	39	17	26	20	2	49	1	21	34	27	45	13	1	41	32	9	17	36	14	25	46	4	25	34	44	45	2	32	11	35	44	10	0	36
9	46	8	3	17	29	43	2	10	36	44	27	7	49	44	2	41	8	34	36	28	18	20	8	37	6	42	17	23	28	43	49	9	18	3	20	46	6	3	1	33	17	37	33	24	17	22	10	48	0
