50  10  1
10
	0	48	1	13	2	9	3	81	4	30	5	45	6	38	7	19	8	58	9	61
	0	12	1	35	2	81	3	32	4	35	5	38	6	30	7	98	8	8	9	46
	0	67	1	34	2	71	3	19	4	5	5	45	6	44	7	60	8	61	9	70
	0	80	1	51	2	65	3	47	4	46	5	1	6	49	7	58	8	57	9	20
	0	63	1	43	2	57	3	54	4	9	5	88	6	11	7	54	8	90	9	85
	0	50	1	38	2	9	3	48	4	94	5	89	6	68	7	20	8	27	9	98
	0	48	1	6	2	18	3	31	4	79	5	25	6	98	7	96	8	22	9	50
	0	46	1	28	2	24	3	99	4	39	5	15	6	24	7	81	8	69	9	49
	0	12	1	13	2	35	3	59	4	75	5	66	6	62	7	66	8	81	9	10
	0	3	1	70	2	82	3	48	4	25	5	49	6	47	7	73	8	94	9	45
	0	36	1	2	2	98	3	56	4	95	5	34	6	79	7	61	8	30	9	65
	0	64	1	43	2	84	3	53	4	14	5	3	6	21	7	5	8	31	9	65
	0	2	1	43	2	90	3	9	4	10	5	57	6	94	7	2	8	36	9	61
	0	58	1	5	2	64	3	11	4	80	5	71	6	86	7	45	8	44	9	61
	0	64	1	58	2	74	3	57	4	100	5	17	6	34	7	41	8	84	9	90
	0	25	1	52	2	47	3	32	4	51	5	73	6	7	7	57	8	35	9	87
	0	20	1	93	2	9	3	10	4	59	5	86	6	26	7	87	8	69	9	17
	0	45	1	11	2	93	3	42	4	95	5	16	6	63	7	57	8	36	9	18
	0	87	1	63	2	41	3	43	4	89	5	83	6	97	7	45	8	84	9	39
	0	81	1	3	2	80	3	16	4	62	5	69	6	59	7	50	8	44	9	73
	0	69	1	23	2	40	3	36	4	19	5	63	6	46	7	43	8	83	9	62
	0	57	1	59	2	31	3	81	4	46	5	7	6	60	7	88	8	82	9	37
	0	84	1	55	2	86	3	51	4	6	5	14	6	26	7	69	8	85	9	42
	0	10	1	48	2	73	3	27	4	30	5	83	6	78	7	30	8	63	9	64
	0	78	1	62	2	31	3	62	4	4	5	13	6	75	7	64	8	48	9	31
	0	6	1	86	2	84	3	21	4	21	5	31	6	94	7	10	8	7	9	73
	0	38	1	13	2	70	3	84	4	23	5	80	6	65	7	29	8	36	9	19
	0	5	1	7	2	76	3	24	4	84	5	5	6	75	7	43	8	35	9	87
	0	100	1	83	2	14	3	58	4	91	5	20	6	80	7	48	8	50	9	68
	0	4	1	21	2	5	3	30	4	41	5	2	6	19	7	24	8	35	9	77
	0	94	1	67	2	50	3	2	4	9	5	55	6	40	7	40	8	96	9	69
	0	5	1	99	2	21	3	4	4	98	5	42	6	48	7	96	8	77	9	7
	0	86	1	88	2	14	3	28	4	55	5	71	6	11	7	79	8	21	9	88
	0	81	1	55	2	84	3	77	4	98	5	80	6	19	7	2	8	18	9	96
	0	2	1	3	2	30	3	74	4	73	5	45	6	92	7	56	8	29	9	59
	0	45	1	14	2	24	3	11	4	28	5	88	6	37	7	32	8	37	9	38
	0	44	1	92	2	85	3	19	4	73	5	14	6	65	7	72	8	57	9	50
	0	30	1	80	2	10	3	71	4	30	5	39	6	77	7	43	8	79	9	44
	0	40	1	81	2	38	3	77	4	91	5	17	6	32	7	70	8	87	9	20
	0	48	1	57	2	63	3	45	4	77	5	52	6	58	7	9	8	93	9	12
	0	79	1	23	2	86	3	75	4	22	5	13	6	92	7	73	8	10	9	27
	0	85	1	77	2	23	3	1	4	31	5	7	6	24	7	26	8	8	9	20
	0	22	1	58	2	41	3	66	4	10	5	43	6	31	7	62	8	72	9	57
	0	41	1	37	2	50	3	84	4	91	5	39	6	20	7	84	8	74	9	5
	0	9	1	14	2	82	3	51	4	49	5	20	6	19	7	15	8	67	9	94
	0	32	1	60	2	41	3	81	4	86	5	45	6	75	7	73	8	66	9	85
	0	78	1	16	2	89	3	84	4	44	5	37	6	44	7	8	8	71	9	51
	0	6	1	17	2	67	3	10	4	87	5	91	6	25	7	2	8	17	9	13
	0	72	1	19	2	77	3	90	4	27	5	41	6	20	7	25	8	5	9	11
	0	47	1	81	2	73	3	8	4	36	5	90	6	41	7	22	8	40	9	94
SSD
M0
0	23	95	85	40	35	9	62	45	87	78	59	16	98	37	11	83	44	99	54	90	5	21	83	41	87	21	4	96	29	20	68	87	9	17	83	59	24	95	16	91	10	43	3	39	15	23	96	94	42
38	0	66	76	39	56	33	78	83	4	32	45	7	50	16	52	43	24	39	12	99	43	2	34	95	52	23	2	94	91	92	51	52	48	8	70	28	60	95	36	58	72	83	79	76	72	63	30	22	41
62	83	0	86	14	17	2	80	29	17	22	23	94	51	59	86	35	97	9	50	63	16	80	37	6	39	43	50	83	86	41	27	7	33	15	69	59	7	51	35	57	99	20	89	26	22	99	43	21	28
82	43	88	0	87	8	83	46	99	84	49	20	57	79	21	74	3	95	86	19	59	64	61	89	10	19	92	16	50	32	1	39	57	34	1	43	45	39	89	1	88	50	1	59	42	17	48	9	90	68
38	23	9	53	0	95	38	4	42	40	35	73	89	22	39	18	54	75	28	72	22	83	41	48	90	39	14	3	1	39	93	89	26	79	88	36	51	5	80	59	15	46	93	27	85	51	84	12	88	77
31	96	30	25	1	0	40	56	9	40	97	57	5	21	61	15	24	25	65	23	90	60	74	64	33	38	42	7	17	50	9	34	74	28	89	65	4	80	48	99	60	30	79	87	39	1	36	31	45	27
67	56	86	83	67	20	0	30	58	43	18	30	28	53	36	91	85	69	54	48	42	75	76	52	16	96	69	20	56	18	23	71	82	57	68	58	19	76	10	75	80	51	61	83	24	55	96	14	59	1
52	14	13	46	41	52	68	0	90	56	6	25	77	90	90	63	96	1	7	2	60	67	14	69	82	53	53	55	99	64	81	92	90	40	93	85	4	52	35	97	2	80	40	56	59	86	47	36	91	23
63	30	97	24	1	30	48	88	0	99	56	38	42	93	20	92	23	9	14	13	67	81	54	64	49	49	17	75	14	45	51	92	30	92	67	89	16	95	8	55	39	63	73	93	83	9	62	9	37	17
19	57	48	83	25	7	46	40	84	0	10	25	45	52	98	43	92	38	54	79	69	82	5	52	70	68	60	95	39	32	80	41	8	82	43	56	38	39	54	33	5	53	17	29	65	69	50	13	94	34
33	51	96	79	94	50	27	17	3	33	0	59	30	99	23	2	52	94	55	50	61	26	46	18	31	19	81	83	23	35	13	61	10	84	72	64	57	18	35	25	7	54	7	98	44	99	94	55	41	58
11	36	98	38	99	34	38	11	93	33	22	0	87	45	88	84	91	82	63	17	62	83	36	43	19	75	46	55	63	97	55	24	99	89	14	93	99	84	94	11	58	25	6	63	84	38	7	39	54	25
94	98	10	49	17	42	73	51	48	29	15	98	0	22	41	4	60	16	33	19	67	21	97	95	88	52	37	49	47	76	22	92	43	66	78	41	62	6	36	60	96	7	23	26	89	9	95	78	91	77
37	95	91	19	62	28	48	79	16	51	54	92	43	0	50	83	93	74	29	31	26	70	97	28	85	82	13	90	3	55	50	55	43	67	27	76	76	83	31	20	54	68	4	65	83	77	88	92	2	44
42	36	79	5	69	10	3	43	38	49	21	52	65	25	0	66	27	5	21	65	52	51	70	98	47	67	16	9	64	89	20	22	81	45	40	55	13	32	61	36	29	7	36	17	82	92	75	8	54	15
96	37	74	4	19	94	95	46	68	61	7	55	16	92	22	0	98	77	24	81	13	52	20	52	73	52	73	7	19	82	36	29	41	53	29	69	76	36	81	47	90	9	67	71	10	32	61	38	57	63
36	14	8	4	48	15	34	24	9	48	53	24	26	68	60	17	0	61	72	26	42	55	22	94	51	85	89	95	22	83	43	71	85	29	26	83	86	71	9	33	2	73	95	22	79	61	30	46	91	36
29	79	12	71	32	1	38	8	57	75	40	22	88	87	11	21	47	0	78	27	98	13	58	66	49	1	75	28	36	10	67	56	36	3	33	70	41	76	93	35	57	32	35	44	47	65	45	81	13	21
99	1	94	97	43	24	53	79	81	54	47	44	86	67	32	70	56	93	0	35	44	6	38	92	39	76	91	38	3	82	19	89	7	25	34	85	21	66	5	33	14	31	42	4	5	64	57	71	20	86
10	82	13	12	65	4	64	26	42	79	69	29	17	18	75	3	6	51	30	0	52	69	70	47	32	75	20	8	53	34	90	57	32	98	68	50	36	65	12	60	28	58	66	74	14	48	46	14	51	47
33	61	71	2	79	87	16	42	19	5	5	85	4	1	71	90	36	11	44	12	0	74	41	46	2	2	63	58	62	9	23	60	40	28	41	37	14	8	8	31	31	33	86	62	72	10	81	55	70	87
40	49	4	78	87	67	37	93	24	79	84	20	16	88	18	91	82	11	46	34	44	0	50	32	98	83	66	34	91	46	1	70	81	72	9	69	46	44	96	30	60	79	91	17	78	21	65	65	36	89
97	61	71	98	62	38	62	66	53	85	13	56	99	78	36	31	26	60	30	16	60	49	0	27	94	2	39	65	82	90	20	35	55	48	52	66	35	79	41	80	44	53	19	21	85	11	30	26	28	49
58	19	76	4	63	27	73	14	5	44	54	35	69	15	61	59	36	95	82	33	36	13	62	0	93	4	47	22	63	16	83	64	72	68	32	62	95	42	1	57	27	47	61	9	38	54	62	78	71	58
70	34	74	20	31	10	94	83	3	69	60	75	98	30	36	24	21	71	21	59	97	28	35	73	0	46	31	12	65	24	66	71	90	35	45	75	91	12	12	73	81	85	43	71	1	22	6	22	84	71
68	87	87	73	5	28	69	12	18	36	45	99	74	91	30	66	38	30	49	40	33	42	94	73	75	0	38	37	57	58	61	37	2	81	24	3	93	49	90	96	52	84	63	88	51	40	10	1	74	98
50	93	10	77	9	97	27	10	72	78	69	46	30	92	63	4	76	81	29	58	3	92	45	55	15	43	0	95	90	48	54	99	74	68	30	23	88	75	43	91	6	54	72	80	17	46	91	38	89	14
3	61	69	39	72	53	72	82	4	9	42	75	68	19	78	39	60	86	48	40	58	93	36	38	17	70	4	0	77	99	44	60	26	46	77	61	71	27	18	90	29	22	25	99	4	47	40	89	34	90
19	77	96	47	43	87	45	61	75	33	34	10	31	99	20	94	72	47	65	25	66	79	85	97	34	57	92	20	0	3	47	49	29	44	37	34	92	34	62	69	9	91	19	72	39	79	56	25	29	51
82	82	9	8	22	57	82	86	98	46	46	81	58	97	84	94	26	36	49	39	74	72	11	72	62	93	35	6	42	0	91	36	24	62	79	1	34	14	17	81	88	96	13	8	82	91	15	67	10	82
81	54	20	53	89	73	28	57	45	68	56	34	88	2	10	18	9	98	19	68	7	49	6	11	87	15	45	80	55	90	0	39	83	46	16	15	42	22	52	27	82	18	38	14	72	7	13	36	22	16
75	22	9	42	93	59	93	10	7	41	23	94	65	37	46	98	23	50	97	46	54	96	10	52	69	89	62	56	59	37	85	0	45	81	81	76	7	73	31	83	66	44	74	80	28	10	67	27	5	39
31	92	5	41	21	97	28	14	31	71	67	33	56	59	34	45	21	23	54	96	58	10	85	19	84	77	70	39	2	18	25	5	0	48	12	14	21	41	94	75	50	18	33	91	26	42	31	16	69	48
18	11	27	38	89	44	46	40	6	59	71	20	55	16	36	72	54	58	58	58	37	67	83	60	44	99	31	54	30	20	35	50	40	0	71	77	23	30	64	70	46	18	51	28	9	11	28	28	60	35
91	66	30	52	22	44	3	64	84	46	58	23	67	98	99	87	1	13	26	26	11	61	37	32	22	29	62	96	8	49	49	79	41	11	0	71	54	4	91	25	21	56	67	28	16	80	92	49	68	35
49	15	63	95	14	82	30	69	97	84	62	97	47	61	31	3	9	56	48	23	9	35	99	49	93	45	55	72	28	39	7	80	54	19	16	0	77	51	84	57	11	59	84	99	35	45	98	44	42	29
16	27	33	8	77	56	14	25	98	26	53	91	86	41	14	48	21	45	57	25	77	25	83	40	81	36	51	42	48	90	96	92	38	74	34	26	0	28	7	25	64	86	49	27	45	95	23	81	2	66
6	82	8	28	7	46	66	1	41	74	16	78	52	71	70	70	61	72	28	94	33	74	14	13	89	95	30	52	18	99	37	53	37	46	5	36	41	0	76	68	77	21	27	18	43	28	45	85	19	47
38	5	19	78	75	79	90	48	54	60	24	6	56	30	43	69	88	43	36	29	73	77	52	21	30	78	76	29	65	14	44	83	67	73	76	54	63	68	0	40	65	93	31	63	80	10	5	49	22	90
80	92	38	56	26	75	28	93	4	95	82	49	82	66	8	41	76	72	32	91	87	91	21	1	10	4	50	86	39	48	4	83	96	5	97	64	46	4	65	0	30	76	3	29	85	68	65	49	85	87
48	50	35	47	79	34	57	43	62	38	86	61	71	11	40	3	4	4	56	75	3	97	41	54	78	21	32	1	74	23	74	1	76	11	87	58	48	63	39	53	0	38	79	77	53	7	31	79	33	53
13	13	51	46	25	28	74	90	27	17	62	89	36	23	41	63	78	64	34	50	4	20	39	15	25	98	46	5	39	68	49	51	49	35	10	13	91	84	49	88	30	0	41	85	62	83	94	58	46	82
1	89	45	93	66	77	57	38	58	23	69	99	16	40	27	97	41	93	92	75	2	66	4	27	72	54	99	48	97	29	95	17	54	40	99	6	42	19	14	98	37	20	0	63	66	77	20	43	11	74
43	81	98	65	92	50	27	51	4	70	6	83	57	18	40	97	4	90	56	5	92	15	98	83	23	8	81	54	32	95	2	94	3	84	18	56	68	25	55	87	23	99	16	0	53	72	48	72	30	98
99	97	8	5	75	43	20	71	82	77	91	43	12	51	83	17	14	32	50	14	10	50	61	50	70	31	48	31	56	2	67	46	19	22	1	36	90	55	35	53	24	74	82	48	0	53	99	43	31	87
77	19	24	66	65	23	76	22	90	58	17	45	75	45	68	46	60	27	45	40	67	89	12	26	83	62	68	14	56	95	95	35	30	29	69	41	65	94	44	52	25	19	37	49	10	0	23	88	87	83
27	66	87	29	16	39	41	2	14	52	20	90	82	57	91	5	43	98	62	33	66	45	20	52	9	31	38	80	76	34	59	2	35	13	76	4	14	80	79	18	63	73	32	37	68	69	0	99	55	18
37	42	62	99	27	37	80	53	58	12	32	5	30	82	61	81	71	36	67	56	30	9	10	85	33	41	96	34	84	11	75	8	84	73	61	27	85	76	5	22	11	5	68	25	5	87	52	0	91	7
75	11	84	37	55	42	96	59	73	32	84	56	84	96	58	21	35	54	50	69	66	13	32	2	81	61	76	89	12	99	85	60	89	40	12	1	2	71	60	6	86	69	42	40	86	89	15	99	0	86
77	43	78	95	77	43	76	44	45	18	16	1	70	79	50	54	73	21	71	90	40	86	52	71	1	52	93	91	66	16	52	69	81	46	64	9	63	62	1	23	17	28	16	9	68	85	70	28	44	0
M1
0	63	52	20	83	27	8	51	81	78	77	82	74	94	86	10	33	74	30	10	23	40	72	82	40	7	25	95	37	11	92	53	98	62	94	48	24	82	5	82	32	6	50	49	4	81	85	17	10	10
31	0	58	98	75	13	23	40	73	79	32	61	55	62	54	99	14	7	87	70	97	4	54	33	38	73	90	80	99	11	80	6	8	72	73	21	8	70	72	9	69	18	94	60	18	5	40	21	79	45
14	26	0	61	91	88	35	2	14	11	71	70	99	75	29	90	12	32	10	28	21	95	99	53	77	67	97	91	21	99	52	94	18	54	78	10	82	40	48	42	33	24	82	9	65	58	98	54	60	68
74	65	65	0	88	31	7	2	43	71	63	87	6	97	62	84	99	8	23	16	97	48	24	1	52	57	25	98	68	52	62	76	74	13	1	32	80	87	30	33	22	22	16	57	16	74	59	57	94	81
27	58	79	74	0	35	83	25	80	25	66	29	38	50	74	99	13	56	76	33	14	45	14	12	27	29	62	68	14	30	99	43	54	92	3	41	32	80	52	78	75	10	13	44	20	23	19	53	49	2
79	41	22	93	90	0	30	5	75	9	84	61	89	27	7	74	36	69	67	87	88	77	57	3	76	57	3	76	56	23	98	89	50	50	31	86	38	11	98	10	25	79	68	77	25	4	6	76	20	5
77	73	5	33	15	63	0	17	96	75	97	96	56	61	86	61	21	64	46	59	24	51	39	43	34	8	34	90	50	17	82	50	81	24	86	97	93	11	96	17	5	15	90	60	36	21	83	40	55	34
5	61	78	25	26	87	10	0	73	21	14	35	75	7	80	97	89	84	54	34	15	83	60	30	59	74	32	33	17	14	37	39	65	28	66	28	68	44	15	20	17	38	90	78	74	52	8	81	91	94
83	34	2	41	25	1	26	83	0	71	69	46	98	46	88	18	48	17	26	35	8	75	54	73	4	88	54	64	8	75	83	82	3	13	71	56	26	83	18	19	64	4	19	63	49	10	42	82	60	77
26	90	66	15	77	63	45	45	85	0	53	55	71	83	43	61	91	27	70	34	4	62	22	81	27	5	81	64	12	68	83	23	32	86	3	12	73	34	87	9	68	49	8	63	29	87	89	87	87	84
42	3	50	88	3	9	10	6	70	33	0	85	61	79	60	83	64	52	73	87	43	29	51	35	71	52	90	28	28	71	60	91	27	80	4	82	31	13	38	88	48	57	34	7	42	58	59	57	20	24
21	90	98	56	45	94	33	69	84	92	63	0	69	26	13	39	99	51	53	97	84	71	73	13	29	33	96	56	44	71	98	15	12	61	8	75	17	77	64	62	97	80	91	78	97	92	80	10	23	98
13	74	34	29	42	31	29	85	24	77	91	13	0	71	11	19	41	62	22	45	46	35	42	35	5	40	85	3	31	45	26	80	36	7	24	60	42	44	84	58	38	99	8	90	62	61	74	53	47	71
62	56	68	64	7	38	72	98	23	65	80	78	79	0	13	95	74	85	46	58	98	9	77	24	82	72	60	63	74	69	34	5	48	1	48	71	81	40	18	85	72	56	97	39	69	61	64	45	52	73
54	36	95	89	3	66	76	25	56	24	37	63	85	77	0	1	15	2	96	87	79	47	38	13	75	45	73	30	64	89	94	71	79	34	51	94	63	9	77	28	45	65	17	95	27	42	68	32	59	80
2	53	14	54	12	15	2	85	11	92	84	52	91	57	73	0	15	92	26	20	29	59	32	40	7	76	15	31	43	20	42	67	31	57	17	81	26	76	22	76	31	45	8	18	20	22	31	99	9	62
90	99	53	1	28	42	33	3	83	46	38	15	25	46	83	48	0	90	75	6	92	19	73	26	33	47	61	72	13	10	80	14	76	59	95	31	81	99	11	30	60	9	47	84	71	69	80	50	72	55
37	97	9	38	88	44	95	6	17	93	28	7	14	7	66	73	51	0	67	70	77	32	15	77	18	9	45	49	60	34	25	43	62	62	60	63	58	48	98	18	93	83	77	72	28	74	49	77	44	60
27	26	35	19	38	45	59	9	92	48	78	42	87	86	33	95	13	83	0	99	2	29	49	44	64	25	88	77	13	86	67	54	71	31	92	94	12	85	21	99	26	8	6	98	21	96	44	60	37	30
84	33	27	12	2	12	64	44	59	52	57	44	10	55	82	60	8	20	74	0	71	24	29	39	77	97	92	61	97	71	7	33	45	72	70	28	54	54	70	89	54	5	46	14	34	92	69	43	51	95
24	1	46	38	55	31	97	40	25	31	15	37	3	86	51	41	69	36	97	46	0	13	46	76	85	47	61	47	15	89	55	98	69	61	9	92	13	8	83	72	87	57	75	58	23	54	49	95	74	36
9	16	84	54	44	46	2	41	59	60	92	79	71	57	32	34	44	25	60	36	82	0	12	34	47	13	21	28	32	24	85	44	18	28	15	38	28	94	2	90	6	40	31	55	72	97	36	76	89	78
90	56	11	14	36	13	46	43	76	63	80	68	86	11	11	6	34	40	90	8	92	30	0	17	16	1	46	72	89	5	82	20	12	70	42	21	66	72	95	2	39	81	52	15	87	21	26	53	79	44
88	16	98	72	36	43	73	93	23	52	53	90	20	62	68	78	22	76	28	54	92	56	52	0	78	36	18	40	68	29	31	10	51	44	1	82	7	65	50	76	16	55	57	51	76	49	99	99	60	64
10	90	24	55	47	9	89	67	44	37	68	49	75	89	93	34	60	75	66	12	99	65	57	30	0	2	91	5	17	60	84	95	2	70	46	33	72	9	13	21	14	19	40	17	3	62	34	40	47	31
95	30	9	46	58	90	47	71	38	76	61	18	28	95	32	30	89	39	71	68	44	60	57	37	62	0	66	97	11	87	94	37	68	64	85	29	41	46	70	19	21	5	48	9	90	61	5	15	80	16
8	20	51	61	80	92	65	68	30	29	89	18	94	22	50	2	27	85	32	2	36	73	75	57	36	73	0	43	42	2	75	33	23	14	24	76	94	36	30	37	74	75	81	9	23	7	84	73	31	58
28	59	70	7	52	32	13	13	61	84	54	95	3	22	10	38	30	57	57	63	93	60	49	32	30	27	25	0	33	68	55	77	88	47	61	75	86	12	56	40	11	64	69	11	30	50	97	75	69	22
4	33	83	20	11	12	84	37	45	73	10	86	34	66	36	71	70	17	62	22	85	58	18	65	98	48	80	34	0	33	23	6	24	22	87	98	61	35	33	74	54	12	43	3	11	66	26	28	68	13
71	4	65	26	41	81	37	17	31	56	37	23	56	53	96	12	58	94	84	51	36	3	23	20	39	12	80	32	86	0	98	46	14	90	62	40	54	11	6	38	15	49	98	2	80	78	22	43	68	62
40	68	45	94	30	72	7	88	71	97	30	76	87	50	90	6	72	59	19	43	54	20	28	22	81	40	38	98	35	5	0	83	92	85	7	74	34	69	24	57	48	46	28	77	31	46	66	57	22	53
48	37	63	46	21	39	91	13	24	51	23	19	60	44	18	66	10	68	33	97	84	1	98	34	3	15	81	32	19	22	22	0	4	48	96	51	59	68	73	29	32	91	93	62	12	28	30	84	98	97
25	20	46	51	10	50	68	16	2	65	9	70	89	64	8	11	57	35	30	79	4	32	13	43	60	28	57	67	20	16	81	7	0	13	74	5	11	6	38	13	26	18	19	50	24	60	85	32	8	46
96	52	60	46	23	60	45	67	32	6	73	85	9	99	87	69	30	20	39	51	23	62	55	64	80	37	21	29	97	25	18	64	68	0	77	5	64	52	12	27	48	89	19	84	94	40	17	6	6	68
97	1	59	94	49	91	60	90	57	42	84	89	19	40	78	36	15	98	65	97	40	82	59	17	62	74	10	62	80	38	99	26	2	48	0	82	68	35	83	47	91	9	7	15	27	27	83	31	34	32
15	3	62	48	69	77	30	13	56	90	4	24	77	3	89	52	26	24	84	16	48	85	27	95	73	98	51	48	73	30	50	52	14	75	75	0	73	9	98	50	53	85	87	68	59	30	34	96	30	63
29	12	19	62	58	40	28	40	13	81	62	48	57	24	60	49	26	93	84	86	39	96	74	52	53	40	83	17	84	37	69	83	88	44	6	69	0	66	78	28	44	30	13	32	60	62	45	95	59	44
99	86	53	36	92	75	89	29	76	75	73	15	53	65	94	40	5	70	76	32	90	22	60	15	16	4	75	65	57	56	74	65	4	12	22	47	61	0	62	67	55	13	98	47	55	38	70	96	65	39
40	55	97	25	46	4	32	40	6	76	60	53	99	14	67	41	30	72	48	28	49	93	67	59	97	2	9	34	95	77	92	24	72	40	26	34	43	30	0	37	10	49	56	6	78	39	83	76	75	42
44	39	20	59	20	94	6	1	13	46	40	8	13	92	58	62	30	99	69	63	30	83	26	29	25	36	29	46	80	63	95	80	45	38	65	22	31	62	15	0	17	72	10	2	33	70	84	70	33	88
23	85	68	37	20	67	22	5	51	54	51	90	43	17	13	46	81	94	74	54	92	30	41	84	11	19	55	5	32	15	43	42	19	39	22	22	88	88	87	33	0	25	54	41	88	76	82	39	79	31
39	64	56	1	67	50	69	34	42	15	60	43	72	83	82	31	86	1	94	29	19	68	61	1	80	60	38	69	61	89	44	63	33	43	41	97	22	2	60	30	74	0	11	70	72	48	76	66	24	87
85	6	74	68	91	53	89	35	14	91	74	47	31	4	79	9	72	52	89	64	38	3	24	69	2	57	19	78	80	11	83	2	67	42	55	19	63	89	77	74	61	91	0	88	64	60	82	98	5	23
73	80	42	84	58	9	32	1	31	26	23	83	1	13	91	45	31	94	33	76	62	16	3	21	68	53	60	9	73	60	58	69	27	65	78	48	4	48	20	81	94	85	68	0	9	83	38	22	23	41
15	47	5	79	30	79	70	43	56	11	39	29	26	9	97	72	39	76	20	27	76	41	74	36	31	27	9	70	5	56	15	75	29	74	4	62	15	14	44	24	30	17	47	69	0	76	97	99	11	87
11	72	32	98	56	66	33	44	40	73	37	79	62	43	80	48	7	14	47	33	66	33	9	53	8	63	76	11	66	76	80	94	35	61	36	88	76	5	55	50	74	21	24	46	8	0	36	39	79	11
57	81	22	49	87	85	50	37	48	96	53	59	35	61	40	81	26	70	92	65	93	59	20	23	7	34	13	63	31	73	22	29	40	31	85	26	16	30	88	87	96	42	42	23	92	68	0	95	55	88
81	25	38	93	88	70	6	17	36	7	99	72	46	74	82	49	71	99	14	82	8	82	66	37	86	42	5	72	60	33	41	53	28	72	61	24	80	63	67	68	61	74	91	15	58	27	67	0	56	95
10	79	13	72	91	8	29	69	35	52	7	31	14	97	6	84	90	51	63	58	6	82	14	6	82	11	16	49	68	57	14	10	33	40	85	69	21	74	65	93	22	17	34	15	1	61	18	38	0	7
79	46	35	49	50	38	29	20	36	46	98	79	3	59	32	55	68	41	29	20	52	72	26	27	50	2	86	47	46	42	91	16	66	64	12	92	95	58	56	94	44	80	23	39	28	12	97	34	84	0
M2
0	76	73	83	56	9	97	93	5	64	57	3	42	14	59	86	83	70	79	78	71	25	75	34	14	3	81	19	38	73	54	96	62	46	14	54	28	66	5	84	38	85	79	16	14	52	72	55	56	72
21	0	95	57	20	38	87	26	6	68	89	11	28	63	39	28	61	50	17	33	68	5	83	4	36	44	25	6	57	75	30	60	35	2	76	59	60	60	24	64	88	21	13	4	45	2	31	55	93	69
2	66	0	73	23	94	62	93	79	68	36	15	25	88	23	84	83	1	9	93	24	33	12	58	12	49	48	74	58	9	75	71	52	86	49	71	46	44	73	44	57	75	1	89	93	79	23	2	11	93
64	2	72	0	23	53	30	54	51	54	49	39	82	66	78	62	93	28	84	25	74	96	83	82	76	72	33	68	21	90	27	22	23	12	97	14	26	77	28	2	70	8	85	61	30	59	61	58	89	75
67	75	51	96	0	12	3	90	1	77	49	2	8	57	41	4	63	31	21	89	72	80	46	50	70	82	57	1	37	19	83	87	93	10	77	61	36	40	6	37	10	38	50	82	9	48	84	97	56	79
32	86	27	29	16	0	32	80	21	73	14	35	13	73	44	7	33	74	9	82	84	15	29	4	13	98	90	77	14	54	9	57	56	45	7	35	18	83	51	55	67	69	58	38	58	49	63	70	91	73
20	4	72	94	73	59	0	82	40	28	52	24	43	88	56	7	26	61	88	2	55	38	84	68	21	95	84	31	25	93	63	70	47	41	67	34	48	74	33	12	28	63	20	9	34	33	73	10	5	82
83	43	79	19	38	53	17	0	55	62	64	1	28	92	90	32	40	45	13	18	32	56	47	34	38	22	53	95	83	51	75	72	21	15	12	43	16	61	36	58	38	13	47	68	7	90	4	26	2	9
56	85	38	37	17	43	61	48	0	3	90	27	62	49	86	49	82	84	73	45	74	12	63	14	28	30	5	14	18	95	93	36	32	22	71	84	61	35	54	17	41	60	65	95	4	6	69	60	84	49
33	20	77	60	61	26	52	17	80	0	79	59	84	64	67	90	73	35	54	89	94	79	53	97	84	59	67	2	55	4	66	23	96	27	46	44	42	98	84	80	73	52	77	28	22	28	46	62	82	73
29	60	74	46	94	62	94	98	63	5	0	41	40	1	99	28	98	28	26	2	33	71	58	22	66	29	62	90	43	40	24	30	27	82	88	36	94	31	32	65	99	52	91	37	90	16	20	54	30	62
51	66	38	39	85	39	59	99	30	7	28	0	37	57	4	69	86	65	22	80	27	57	31	68	47	66	52	34	86	88	90	41	43	24	45	99	11	13	65	55	99	23	21	68	45	42	99	18	8	57
58	72	13	39	81	97	8	59	26	11	7	14	0	61	93	59	25	32	21	77	40	94	67	86	59	15	11	95	63	20	28	6	11	55	53	92	28	68	72	37	28	33	26	89	5	1	86	94	13	3
15	5	21	80	99	61	84	3	69	36	5	77	91	0	38	44	4	21	40	30	96	63	84	56	79	50	71	71	46	58	29	21	14	12	24	60	34	43	70	71	33	20	38	52	89	43	57	57	78	86
97	99	32	33	44	54	5	15	6	26	48	85	36	60	0	8	54	39	14	22	79	8	18	86	3	89	94	85	54	11	23	38	74	80	43	96	31	57	58	80	20	68	81	61	85	85	18	8	1	25
90	73	77	9	49	76	22	3	22	97	35	40	92	22	25	0	71	20	70	97	8	33	12	25	54	55	48	14	44	58	22	21	26	49	71	97	57	18	48	47	7	23	69	37	83	91	53	90	27	41
93	60	27	67	36	57	80	61	82	64	72	21	38	2	57	99	0	58	86	81	1	82	12	53	92	51	48	74	25	38	39	69	66	60	39	90	79	23	5	81	20	42	71	25	24	30	42	2	7	34
83	54	5	89	10	15	23	1	96	42	73	66	53	95	10	24	38	0	19	11	77	23	16	50	14	8	53	59	52	56	17	81	55	13	95	59	15	5	81	12	84	51	9	92	8	27	71	37	98	54
79	32	34	29	58	74	93	84	5	98	43	70	27	92	39	90	68	24	0	37	21	65	54	76	17	95	16	19	70	32	63	51	73	82	39	63	5	8	14	83	53	20	87	23	28	29	55	59	21	82
82	63	46	99	51	57	40	15	55	35	8	82	57	11	67	87	54	65	95	0	80	95	93	5	37	50	95	82	88	38	45	97	93	45	40	34	36	2	17	4	78	94	76	76	1	38	61	1	94	28
75	14	14	43	43	65	88	85	48	6	42	62	87	4	99	51	41	3	47	8	0	53	32	90	97	47	28	32	77	47	25	52	36	60	31	67	86	58	6	2	70	49	81	97	1	31	10	48	65	75
32	27	73	70	88	51	6	33	29	94	96	67	80	53	80	21	86	19	54	71	32	0	98	58	51	6	30	74	82	76	28	76	85	67	89	3	80	74	56	33	1	59	75	71	80	98	37	90	89	81
65	76	25	89	1	77	89	92	89	59	4	54	76	3	45	18	67	4	6	29	97	73	0	4	13	33	27	5	98	85	22	32	84	28	85	69	64	19	34	80	67	91	82	14	80	73	87	61	57	15
83	74	34	60	95	74	96	93	41	12	87	30	57	47	24	46	17	61	81	63	12	25	70	0	26	22	92	84	47	3	74	23	8	53	22	7	28	46	30	35	56	41	36	63	42	5	67	94	77	5
65	4	37	68	8	55	50	7	75	82	68	44	57	17	39	22	91	6	75	47	71	62	89	9	0	65	14	42	99	54	55	3	86	56	32	42	41	93	91	93	19	54	81	55	36	15	4	25	5	38
28	76	96	79	30	33	76	49	12	96	5	8	29	23	1	13	11	71	41	32	59	54	90	83	74	0	69	29	85	13	99	15	19	10	97	72	21	1	94	27	90	24	14	7	55	1	58	88	25	18
17	57	54	57	3	6	70	47	19	98	42	39	21	68	2	26	3	25	43	55	55	94	55	3	50	23	0	61	23	49	90	88	74	62	56	75	93	78	2	82	71	58	49	86	39	63	82	62	91	50
82	78	84	64	68	62	91	6	93	20	9	57	51	8	39	89	78	92	94	90	65	44	10	83	10	56	35	0	23	77	84	57	91	52	39	95	41	84	90	22	27	86	59	39	63	14	95	9	74	43
86	98	20	35	40	15	40	37	22	12	17	73	58	18	78	14	22	9	76	34	78	15	7	97	42	55	70	27	0	70	21	89	45	20	58	18	3	9	26	17	15	85	21	81	92	81	4	54	28	7
58	32	57	19	78	79	47	60	63	98	37	61	50	1	57	38	39	5	9	50	71	47	52	82	75	75	59	63	85	0	57	28	56	93	38	49	65	15	29	83	42	37	92	93	2	14	69	26	70	23
71	48	20	71	13	84	79	54	75	97	16	71	23	25	15	77	96	51	27	9	81	80	47	9	14	49	38	64	55	77	0	28	5	79	66	31	33	37	74	79	97	79	36	62	12	81	9	11	86	78
62	71	39	11	40	65	78	46	55	19	94	9	12	5	91	61	60	56	52	90	13	15	13	6	2	33	93	58	42	54	12	0	27	28	26	71	34	88	25	11	91	66	4	37	79	9	78	9	19	77
25	15	89	14	53	70	92	26	65	43	74	67	39	58	52	49	72	61	15	81	82	31	74	38	59	63	11	21	9	92	25	18	0	25	96	95	21	92	5	98	39	5	26	45	3	41	45	40	76	53
53	62	97	28	31	40	29	61	82	40	80	39	93	22	34	2	59	13	3	65	13	4	75	5	48	82	42	21	5	40	11	66	79	0	29	46	85	65	50	97	90	45	3	93	93	76	23	28	57	57
94	54	38	58	7	68	26	52	92	55	19	84	78	7	70	62	16	59	13	56	91	4	38	40	27	47	81	22	12	55	53	32	38	97	0	7	66	28	56	39	21	78	90	60	46	47	69	78	14	66
98	96	83	68	10	2	92	39	99	93	22	42	22	8	14	83	82	4	29	7	75	21	77	37	72	52	64	10	57	64	35	70	50	61	97	0	6	79	86	70	57	88	4	84	37	85	98	24	20	82
90	1	5	65	54	81	60	1	85	29	2	77	58	15	63	28	60	9	48	78	8	79	97	28	69	30	92	56	58	70	80	1	64	98	1	67	0	33	34	36	52	34	44	27	90	48	31	26	71	81
92	64	73	85	63	70	9	30	95	72	93	80	52	43	64	53	7	97	25	57	74	48	82	52	25	61	9	80	52	84	48	46	89	37	32	49	7	0	82	97	7	29	12	11	15	55	30	30	21	71
15	80	35	79	75	20	80	5	48	94	58	35	9	50	6	3	75	25	36	32	34	39	7	94	16	72	67	57	12	76	61	3	95	81	82	67	90	71	0	39	29	4	63	44	26	16	97	48	1	6
23	90	1	21	51	16	70	60	92	6	23	1	14	1	77	2	73	24	95	64	22	33	57	14	81	57	58	68	37	91	15	73	99	66	14	37	32	8	48	0	90	40	53	7	58	76	1	33	15	7
89	57	59	30	50	63	34	66	74	56	71	40	87	41	48	29	23	12	68	54	33	32	24	33	89	51	87	25	54	73	38	30	20	88	37	32	59	34	92	87	0	31	34	79	8	20	39	16	88	29
72	96	68	30	43	46	41	55	90	39	46	86	64	93	96	61	62	52	42	14	72	83	66	20	92	89	66	8	34	85	54	60	16	1	99	18	16	15	87	46	45	0	8	56	57	38	25	60	69	91
54	49	50	93	76	76	91	24	44	66	99	14	85	7	2	96	54	52	97	96	56	45	17	26	35	94	57	89	95	74	8	27	90	20	86	28	7	40	55	8	31	87	0	79	30	64	26	44	13	24
5	55	48	68	38	80	32	7	29	12	78	90	97	45	60	1	95	23	20	83	35	77	13	85	37	63	99	90	94	87	98	74	13	58	47	19	44	7	53	54	54	76	27	0	12	86	61	21	22	97
45	26	83	86	80	97	85	45	97	3	54	96	39	29	64	11	56	83	47	89	25	67	54	88	43	24	85	2	42	77	85	21	19	21	56	75	49	10	55	71	66	83	64	18	0	14	17	48	6	84
60	59	56	19	40	28	81	32	19	55	4	82	38	18	38	95	88	19	31	21	85	65	2	82	51	50	46	35	15	76	85	57	96	36	75	33	28	42	5	2	29	86	56	82	50	0	42	98	6	30
62	36	93	50	29	47	92	77	64	68	33	15	92	11	74	25	25	28	69	76	11	60	39	34	65	24	54	98	76	27	65	59	43	23	24	19	8	47	77	98	75	75	46	47	38	20	0	17	91	46
49	87	20	91	73	64	76	96	72	13	10	33	26	73	6	92	78	24	94	6	65	48	17	74	59	23	80	48	31	51	56	89	25	4	79	86	97	34	64	8	68	84	46	20	73	10	11	0	11	38
65	70	75	93	52	95	72	14	15	25	53	33	23	94	15	93	92	69	45	14	33	69	43	82	4	13	41	26	40	32	66	89	77	28	12	51	67	64	3	33	85	28	80	96	62	94	52	42	0	88
90	60	28	81	28	69	84	10	51	94	15	9	39	2	74	45	38	57	82	4	16	15	13	5	75	50	66	83	58	3	14	80	33	72	71	32	39	75	46	51	42	75	48	46	18	26	83	14	60	0
M3
0	97	58	6	7	81	53	49	93	79	62	81	4	37	98	18	75	64	7	70	68	67	42	86	7	73	11	64	65	21	59	86	44	65	76	50	58	95	53	6	47	81	85	35	60	95	42	7	87	67
17	0	14	42	72	48	78	5	71	65	59	95	38	96	23	27	37	61	46	55	69	13	67	41	63	9	6	73	91	38	10	26	55	17	14	52	39	41	99	34	52	48	8	35	98	41	40	36	37	64
36	47	0	36	35	34	18	27	83	38	2	6	33	51	37	49	46	54	56	35	97	30	32	89	75	71	24	94	90	15	86	32	62	95	46	49	25	16	60	71	39	58	19	91	28	9	58	15	68	50
73	50	1	0	58	75	55	38	92	18	89	94	80	85	36	60	33	31	82	88	29	87	89	78	77	11	69	70	20	12	62	77	53	88	91	29	78	80	14	3	98	86	15	54	27	26	7	88	87	42
30	32	98	62	0	70	83	87	79	33	62	80	13	48	91	44	50	88	68	95	3	28	15	97	13	74	21	6	91	49	4	34	84	6	65	56	81	97	11	64	40	46	57	44	64	74	57	38	69	91
2	20	34	53	95	0	82	92	40	98	22	55	12	90	78	28	44	98	43	85	50	95	66	21	42	60	21	57	88	45	83	24	70	16	70	8	43	41	27	38	57	43	41	76	90	58	59	7	1	44
6	51	4	49	35	65	0	24	27	79	73	81	55	60	54	14	98	75	96	44	26	89	74	38	62	86	8	23	44	50	17	50	16	1	94	28	57	92	32	66	65	46	82	91	12	81	63	33	40	67
12	97	1	11	41	68	13	0	37	87	96	13	55	22	87	28	91	72	87	84	48	90	14	35	6	43	1	66	93	22	59	31	90	3	44	93	13	91	2	7	32	44	40	52	11	45	30	97	51	77
44	70	89	27	79	46	1	4	0	38	98	77	62	42	63	95	58	15	7	3	92	62	5	67	96	30	80	89	78	13	44	56	44	52	34	89	42	50	62	30	3	77	13	42	79	54	32	39	8	39
21	67	27	47	20	96	50	88	41	0	92	74	93	87	94	46	64	66	4	47	80	96	52	64	37	39	34	37	87	32	87	18	40	93	81	89	21	18	31	3	80	3	58	51	47	47	62	93	26	40
70	71	96	15	82	5	80	38	30	57	0	52	61	16	94	38	57	96	89	19	15	41	36	18	61	53	90	72	48	61	39	79	99	10	56	93	35	94	29	18	91	40	31	82	18	4	83	47	22	51
50	47	78	53	27	59	41	80	39	85	14	0	2	71	61	69	26	57	38	25	19	29	3	12	9	10	29	3	42	70	76	74	65	12	82	28	53	36	5	89	73	7	25	71	3	20	5	49	5	44
67	5	46	89	37	37	10	12	66	18	27	76	0	32	78	42	24	71	34	83	17	4	84	2	66	48	47	89	52	38	15	16	1	86	47	21	79	65	31	54	18	86	65	64	65	14	72	67	53	31
21	45	11	49	28	62	58	35	72	95	76	83	20	0	12	26	74	75	49	62	77	84	81	72	4	52	66	39	18	73	8	79	49	62	96	47	78	49	90	82	82	75	64	38	59	92	27	30	77	63
92	84	10	14	67	86	52	84	54	38	35	73	17	96	0	82	83	53	45	75	3	52	7	10	91	44	23	79	40	78	40	14	39	72	87	44	65	19	32	84	70	56	42	51	42	28	13	60	61	90
13	69	72	44	60	57	52	92	54	53	45	68	96	72	80	0	66	98	8	8	75	46	76	19	8	69	48	26	57	51	79	26	40	48	35	65	98	39	82	94	74	95	83	67	78	53	11	16	10	34
70	39	10	31	23	42	54	79	4	47	6	46	10	56	91	38	0	90	18	80	1	68	55	64	50	72	40	76	78	57	28	96	99	51	81	28	53	38	52	47	67	89	5	55	49	88	86	92	57	2
91	85	67	13	72	41	59	14	78	10	54	12	49	78	90	12	86	0	68	40	57	65	46	70	74	73	71	25	27	97	48	69	79	75	44	26	37	86	93	4	96	69	11	77	44	64	64	91	60	31
2	86	37	94	18	63	19	6	2	51	4	27	22	30	77	84	20	28	0	81	40	20	2	9	78	94	57	92	8	22	75	49	17	33	50	53	60	39	60	83	31	78	20	67	60	36	80	98	59	7
86	9	75	22	14	29	49	57	20	68	68	76	4	78	75	98	52	2	80	0	91	15	20	54	15	39	40	36	66	52	87	68	33	81	98	38	14	36	35	98	80	4	51	84	10	28	90	63	67	79
98	75	68	18	78	57	7	28	12	43	53	67	36	7	61	56	53	74	15	7	0	97	23	27	59	91	47	62	89	74	61	43	80	82	68	65	3	3	97	34	22	42	25	87	35	80	95	83	17	95
33	51	1	84	92	42	56	11	98	33	16	66	81	60	70	10	82	91	38	32	12	0	59	69	63	72	24	54	4	83	28	34	67	62	60	33	56	56	55	73	1	32	78	27	44	58	87	27	58	43
60	34	2	10	28	33	76	32	72	13	33	44	54	43	32	14	84	58	71	39	76	6	0	21	93	12	31	33	55	25	92	25	76	93	39	42	80	66	89	53	97	99	87	41	78	53	44	71	40	75
69	83	42	2	62	5	78	6	22	5	61	8	72	29	13	22	41	77	88	87	30	36	18	0	33	45	45	13	50	98	90	96	91	97	38	43	7	67	55	38	88	87	73	92	1	37	9	81	82	67
29	75	82	60	37	92	54	40	9	4	5	35	11	38	99	15	81	97	51	55	43	69	49	2	0	1	90	4	21	22	14	22	81	14	57	29	98	38	72	6	18	42	31	6	44	78	23	74	31	50
35	79	79	12	25	32	28	92	26	50	22	49	43	92	90	41	31	85	77	93	59	86	10	96	1	0	78	81	56	8	97	95	79	64	16	4	74	9	40	20	2	92	3	4	89	4	57	36	20	65
94	45	25	7	53	40	74	47	77	67	30	56	60	97	98	68	69	8	14	74	35	20	23	13	61	91	0	63	32	83	3	51	9	81	62	28	20	21	20	17	31	93	83	3	29	60	63	32	10	31
85	85	29	35	57	1	35	56	76	9	67	49	13	32	84	52	5	64	57	62	48	17	40	48	78	2	88	0	3	59	98	24	74	42	12	30	16	52	21	36	49	13	87	47	38	26	54	93	97	60
70	27	7	16	7	85	95	63	72	2	2	92	15	26	56	2	88	85	13	15	18	16	39	19	80	14	43	42	0	8	14	90	34	48	88	45	1	69	10	24	15	78	35	79	6	91	6	16	97	79
58	18	43	68	4	52	77	88	9	65	2	74	97	88	43	75	54	20	71	30	77	53	71	9	57	63	84	34	30	0	77	80	19	60	80	23	96	53	52	36	33	77	12	82	34	76	30	19	95	86
38	84	58	83	38	37	68	37	92	49	44	43	44	13	14	55	10	33	71	48	33	6	55	64	99	2	59	57	35	6	0	24	1	59	84	72	46	63	81	83	46	10	64	17	64	5	73	38	59	69
36	6	93	23	59	17	18	51	16	19	22	9	65	47	64	4	8	34	13	48	34	3	58	69	29	45	90	30	53	39	39	0	83	87	61	27	81	38	1	85	99	19	78	31	39	70	20	93	49	77
49	55	44	91	92	48	32	83	17	95	73	58	32	14	34	32	40	7	2	44	9	19	82	47	97	22	95	9	70	58	30	7	0	71	73	36	16	41	90	64	7	13	28	71	8	5	52	58	99	94
23	10	44	65	69	49	73	31	7	32	82	94	80	39	96	96	93	41	28	56	65	43	17	12	16	44	37	13	78	55	14	18	87	0	64	69	12	90	52	11	30	75	82	7	59	32	27	40	69	67
9	19	66	50	52	71	87	60	92	92	83	65	78	84	53	44	57	16	13	37	56	10	39	93	66	12	2	37	4	17	78	74	23	39	0	20	26	84	66	7	42	3	37	16	36	39	12	84	57	13
42	52	66	32	61	99	6	84	43	30	72	33	95	56	21	99	5	86	75	38	37	34	17	41	47	75	69	10	84	43	23	87	71	34	35	0	56	96	49	29	22	56	22	63	42	34	81	38	85	97
55	82	22	56	29	17	59	11	2	92	17	79	7	60	72	91	81	5	18	83	18	61	45	26	26	91	10	80	79	85	64	61	35	33	49	40	0	44	51	90	35	4	85	47	64	97	17	88	54	41
37	8	29	34	73	3	36	60	84	78	71	19	48	49	5	55	15	44	38	31	7	50	36	58	78	44	95	81	66	93	74	77	92	30	81	19	16	0	29	88	14	27	45	31	16	38	86	98	68	15
37	44	34	45	37	47	17	56	9	17	71	9	75	31	75	37	94	27	89	13	39	97	46	51	64	75	29	93	57	82	44	24	66	87	92	4	34	14	0	96	51	2	63	25	71	54	69	41	37	18
89	61	66	30	90	87	42	49	8	65	79	73	55	71	34	79	38	44	1	5	96	88	50	38	57	46	7	84	95	99	59	25	33	40	56	83	12	36	36	0	71	20	74	87	81	81	64	38	30	5
18	26	97	71	51	89	94	12	82	95	54	82	98	72	50	62	30	38	63	15	62	23	60	94	52	37	57	90	52	32	80	35	40	49	42	26	17	60	3	27	0	29	44	81	65	5	49	33	19	31
42	16	73	8	41	2	3	42	70	15	75	87	12	99	16	33	15	51	62	85	3	53	94	24	84	19	44	4	59	24	83	36	77	71	70	82	82	40	3	29	60	0	95	92	43	74	66	73	13	45
21	97	27	7	95	93	51	76	53	83	4	78	78	77	35	30	41	5	67	89	78	45	45	5	77	63	11	22	65	71	92	37	30	62	83	19	35	91	42	8	1	10	0	32	81	60	59	13	59	20
89	14	57	75	66	69	28	69	72	3	52	90	16	79	67	40	2	67	33	36	47	70	88	14	17	37	44	43	29	50	6	86	51	44	33	51	95	23	80	15	69	52	71	0	42	47	75	85	94	74
58	96	20	6	56	60	75	60	85	47	7	22	21	81	2	31	51	12	79	46	73	40	87	67	14	81	30	50	79	21	22	53	11	7	66	4	66	87	3	60	68	69	39	17	0	96	79	9	84	94
44	93	26	36	12	96	43	59	88	70	44	85	77	31	26	46	15	14	66	11	63	44	1	91	91	34	29	44	67	34	79	10	32	87	27	67	24	82	38	84	1	87	89	80	35	0	14	92	56	23
56	6	46	6	82	30	86	98	97	12	24	88	85	99	97	26	8	34	72	36	18	58	2	26	14	86	49	53	48	68	6	82	47	26	74	60	32	60	2	74	39	60	92	65	56	42	0	33	30	62
19	1	31	10	72	47	76	90	73	71	65	90	83	28	98	96	19	42	1	42	69	7	5	78	8	3	93	21	19	58	1	16	43	47	19	97	14	75	63	65	27	21	81	82	80	27	28	0	75	64
42	24	91	96	92	78	42	25	1	48	37	53	88	44	90	56	50	37	53	80	62	99	92	64	69	89	48	17	75	78	8	34	11	56	94	46	69	85	65	23	30	79	45	86	8	19	68	99	0	95
48	81	34	2	2	38	40	79	54	94	63	18	9	79	85	31	48	97	87	66	15	89	53	28	14	68	71	69	36	85	1	14	44	20	99	10	85	71	49	15	14	11	6	70	31	33	68	32	78	0
M4
0	79	53	36	60	67	4	29	57	12	75	98	56	39	76	81	39	39	68	25	69	72	27	29	87	69	44	17	6	66	19	86	52	52	40	50	17	54	4	60	87	65	79	91	93	83	35	19	77	42
91	0	1	74	28	43	73	67	26	91	13	49	39	62	15	2	60	9	98	78	18	19	45	63	99	80	13	13	29	72	92	29	64	89	16	21	33	13	95	25	19	75	83	26	65	16	78	82	81	84
94	43	0	32	57	6	17	70	86	97	29	45	71	15	90	76	43	66	32	91	83	37	6	67	38	26	53	20	83	88	82	25	56	70	10	77	63	53	57	14	22	54	12	61	8	42	83	78	98	70
33	12	48	0	35	32	76	35	6	98	33	58	98	10	35	76	77	79	43	21	99	73	50	25	57	79	60	44	77	58	6	65	65	49	14	34	21	6	31	36	59	84	93	22	11	4	87	62	90	52
28	54	48	27	0	82	47	53	5	85	32	67	90	26	19	10	9	22	10	24	3	3	24	93	82	49	47	68	28	90	94	1	34	35	27	2	58	96	55	60	8	38	13	6	82	38	95	80	40	72
81	66	74	42	98	0	85	14	5	94	63	73	85	20	23	28	78	39	53	82	60	27	65	65	76	17	31	64	75	98	78	75	6	96	66	52	84	70	83	56	21	14	30	58	48	46	91	41	79	32
95	92	26	59	26	2	0	17	63	27	90	5	94	21	47	70	40	39	41	47	66	4	34	20	42	51	25	83	47	59	81	64	85	16	58	27	57	70	94	34	60	21	44	24	14	48	88	26	36	91
24	31	27	36	27	78	10	0	53	45	34	60	1	60	71	18	93	26	80	45	95	72	59	6	89	33	63	50	19	35	36	48	29	59	20	5	39	64	33	32	9	15	70	87	11	87	43	87	7	17
86	59	72	17	81	84	50	92	0	88	62	13	24	74	78	52	83	79	69	39	26	77	15	33	58	99	92	6	76	33	91	28	31	27	48	38	58	50	73	69	86	96	72	32	93	21	68	54	10	57
3	38	47	62	54	89	26	59	8	0	20	41	99	66	24	44	67	77	2	82	70	37	56	1	17	67	95	85	65	98	26	25	87	1	3	10	98	34	86	94	21	25	8	97	11	85	59	7	56	26
44	22	5	29	67	52	12	98	44	40	0	3	89	54	95	83	74	75	51	51	26	77	67	88	2	48	63	42	64	90	49	24	84	14	65	73	90	3	81	76	80	40	1	39	98	18	64	43	49	64
59	47	93	59	73	98	60	35	58	76	56	0	71	76	85	61	32	50	57	55	9	56	40	90	63	13	84	24	94	48	46	61	50	71	68	88	77	70	22	86	86	3	5	53	52	69	37	76	88	66
91	43	76	73	63	73	17	24	60	3	55	44	0	55	65	83	79	55	50	20	40	59	31	39	19	26	85	75	87	56	63	45	55	70	64	42	52	40	35	23	79	94	11	67	22	18	27	85	26	6
8	21	92	47	7	49	31	46	26	81	65	9	72	0	31	10	48	17	89	41	97	47	23	31	21	62	91	30	60	27	47	3	76	80	61	64	54	91	95	63	80	81	6	14	36	66	49	74	32	88
45	14	94	44	80	29	83	13	87	94	95	60	30	57	0	82	75	66	18	79	28	75	43	51	2	76	22	68	21	71	46	92	58	81	72	23	25	77	27	34	53	6	16	19	37	66	85	94	88	5
42	58	22	7	99	86	74	21	54	16	27	38	71	54	90	0	17	44	9	53	19	77	31	17	95	72	5	78	58	36	42	7	93	52	56	44	29	63	27	26	58	51	71	90	63	49	1	41	15	83
10	55	28	38	41	75	1	18	15	22	77	9	13	5	92	92	0	73	28	1	63	16	22	6	32	12	30	29	32	72	54	83	69	17	24	47	66	39	39	59	83	91	19	68	54	52	45	9	31	42
72	99	36	9	67	74	88	96	79	88	21	70	63	76	11	53	14	0	42	20	7	55	6	78	60	35	43	77	63	80	94	62	26	40	28	14	64	6	70	94	67	84	64	69	50	90	93	41	75	44
97	59	34	15	68	84	29	48	84	32	6	54	45	9	24	57	3	34	0	54	20	96	95	48	7	50	83	27	47	79	21	72	98	18	47	21	43	73	64	89	52	47	24	1	96	5	20	67	14	65
34	54	33	50	16	47	23	11	21	73	33	24	36	67	25	29	48	70	9	0	39	54	15	54	54	11	23	28	58	71	17	65	76	54	49	5	24	56	55	20	80	89	21	39	62	1	14	34	75	26
98	15	81	68	63	76	2	4	7	56	41	62	71	30	16	35	31	36	4	94	0	44	4	62	49	55	43	74	54	98	2	24	48	26	9	12	96	73	53	53	62	44	80	30	24	59	89	85	19	1
65	75	83	71	89	32	12	25	13	86	64	45	68	60	82	80	71	35	7	67	34	0	44	98	86	88	49	9	42	92	6	49	66	70	17	53	74	11	35	41	32	5	70	24	4	38	90	99	1	27
53	41	51	84	78	77	40	55	66	1	14	48	19	73	43	70	1	12	76	11	86	52	0	39	65	41	52	61	77	42	70	32	38	61	22	13	79	34	14	71	46	97	5	4	33	86	37	56	20	97
41	80	52	72	10	65	29	61	94	38	19	62	67	25	4	53	43	23	12	55	75	4	16	0	99	58	70	84	90	90	36	16	71	2	74	6	49	33	88	20	38	26	83	59	18	67	42	65	15	80
34	87	58	81	17	9	79	21	8	6	35	83	23	90	81	31	28	61	41	91	43	50	24	45	0	84	57	96	44	51	1	28	82	83	27	30	2	51	56	86	80	41	64	42	67	63	20	84	40	94
20	48	7	23	23	16	77	56	38	8	76	27	29	72	75	91	62	28	57	4	80	15	51	30	92	0	54	95	12	14	29	21	10	97	35	50	77	29	57	75	50	89	77	43	55	7	20	62	59	43
78	23	28	91	7	74	65	83	35	25	33	27	61	38	91	25	39	47	16	48	37	18	49	63	56	26	0	27	30	39	24	71	30	80	23	38	88	48	17	72	97	69	10	95	48	23	34	42	44	69
72	4	50	87	12	68	76	13	7	41	34	92	14	95	99	99	33	2	62	68	72	7	57	60	10	78	7	0	50	30	44	16	3	53	67	92	88	88	57	9	36	69	6	93	42	66	83	43	75	83
49	89	47	62	60	51	33	84	69	73	74	20	65	10	88	70	86	24	64	7	95	5	35	98	36	22	39	90	0	67	63	16	52	66	36	4	33	54	30	32	94	60	55	23	77	56	14	44	52	2
79	84	52	99	73	41	83	55	71	35	72	63	78	99	70	94	59	6	59	44	10	23	4	55	97	18	52	48	27	0	59	81	10	84	63	36	15	86	3	11	92	33	73	73	71	22	75	22	38	4
67	39	20	69	89	75	62	89	77	67	57	64	92	91	68	54	62	97	22	81	92	72	88	38	96	32	71	39	64	41	0	55	4	45	1	2	53	39	76	98	53	13	27	81	55	74	68	88	92	85
1	32	59	99	58	88	55	38	65	30	90	54	13	62	81	42	97	44	68	97	74	91	55	34	9	2	40	4	47	42	92	0	83	39	92	83	36	63	48	94	30	63	93	52	6	74	35	51	7	9
33	86	11	39	72	96	44	69	82	76	50	18	57	34	54	28	81	82	32	82	27	3	98	96	92	10	49	17	6	12	34	42	0	88	44	45	39	83	21	42	39	68	36	56	20	22	89	38	15	9
51	41	11	96	67	64	8	40	69	85	78	65	54	61	28	64	40	87	48	72	10	21	27	91	2	31	43	80	18	22	69	19	45	0	35	47	35	13	45	21	32	44	84	53	63	58	74	29	44	39
45	40	96	82	71	18	62	72	56	33	34	68	37	90	88	84	6	90	27	6	53	34	46	67	89	84	4	93	3	29	46	70	47	89	0	20	98	78	73	76	62	83	82	43	79	62	2	27	56	65
43	65	49	94	20	45	83	10	66	51	15	21	42	22	23	40	73	15	58	21	31	12	96	33	37	26	77	19	54	76	9	48	8	52	86	0	73	32	72	50	29	47	28	71	49	7	55	56	91	71
61	97	76	7	29	18	99	95	57	78	76	25	13	55	8	87	95	99	86	96	55	41	97	24	15	96	54	88	62	87	91	63	46	92	13	90	0	70	79	43	8	72	87	47	19	44	72	16	88	13
10	29	20	4	44	40	48	46	17	46	80	92	4	48	30	67	61	98	51	64	51	96	72	61	1	89	67	10	2	68	19	28	77	88	81	11	59	0	47	21	21	45	80	1	29	51	89	54	26	56
93	32	19	16	64	43	74	98	8	25	84	48	78	87	74	2	49	39	52	2	83	94	88	84	60	96	84	43	67	22	35	71	55	54	27	71	19	24	0	17	55	51	78	74	82	80	5	90	21	90
28	84	1	82	74	62	27	33	38	9	55	49	19	13	42	35	15	61	28	3	70	54	31	15	36	19	37	31	82	27	12	87	58	51	98	46	17	11	53	0	88	25	81	30	27	34	85	37	81	88
80	11	32	88	10	77	38	36	89	10	4	34	37	92	9	17	74	55	51	29	59	33	66	81	17	70	10	55	89	69	35	26	26	60	88	38	63	34	7	41	0	90	62	94	75	85	18	21	68	62
40	40	70	93	26	48	60	60	44	29	73	66	89	36	54	19	30	29	28	53	29	50	42	61	21	21	23	43	81	83	52	4	38	28	52	54	79	62	39	90	86	0	35	82	65	84	16	76	67	85
76	21	75	79	44	54	71	73	16	94	89	19	54	85	71	50	1	38	42	32	82	24	21	92	99	76	47	84	5	73	58	11	28	30	84	92	11	21	24	75	38	12	0	13	1	81	63	20	89	12
40	15	9	28	45	95	23	15	50	75	55	25	2	64	99	47	20	90	64	17	13	54	44	64	94	6	41	15	54	87	83	88	24	87	25	62	60	90	4	91	1	25	5	0	95	94	40	62	70	6
64	79	73	26	33	61	90	66	72	88	93	5	95	74	26	9	34	85	95	54	18	23	63	28	77	76	33	63	22	22	4	58	33	12	37	83	60	74	36	52	24	35	56	40	0	47	17	90	61	85
83	81	39	20	33	81	31	22	56	45	91	30	18	24	94	80	25	11	33	71	90	36	77	76	8	35	57	29	80	19	3	32	2	21	52	72	53	19	13	55	67	38	45	68	99	0	77	87	51	69
42	53	33	86	51	69	57	75	58	35	11	51	18	5	18	12	58	57	84	62	70	77	83	73	12	63	22	36	82	58	45	88	24	44	46	99	57	59	1	46	48	24	44	25	64	90	0	49	74	84
45	97	8	48	28	18	73	63	60	59	4	24	81	21	10	95	36	44	32	55	76	48	65	23	56	63	15	7	36	89	39	37	33	86	96	85	72	81	10	81	31	31	99	61	83	94	55	0	39	84
90	49	62	53	49	18	96	36	86	46	61	67	57	44	94	66	57	4	38	19	99	63	54	44	72	31	22	41	41	31	83	72	86	82	19	25	61	29	79	46	16	60	18	61	31	18	86	14	0	50
65	79	77	12	50	62	44	99	19	5	82	91	35	5	7	61	27	84	26	49	60	73	46	32	10	34	49	46	77	82	72	39	83	5	58	59	31	83	56	13	99	77	89	37	54	22	25	80	39	0
M5
0	38	93	85	17	80	71	3	63	39	12	97	28	1	67	29	24	29	75	96	1	89	77	93	25	79	94	23	63	97	87	41	43	81	66	53	37	93	35	76	5	31	81	36	65	4	47	58	17	86
42	0	80	96	48	83	9	58	19	79	57	28	45	82	72	25	34	84	38	5	5	25	85	28	79	43	71	73	99	90	97	54	34	75	81	92	23	27	6	78	77	79	1	1	18	27	37	36	37	90
38	37	0	97	8	44	45	25	33	70	25	41	98	51	94	48	92	72	4	71	36	16	77	3	82	76	24	18	60	30	89	51	27	57	93	55	24	49	80	77	37	57	81	27	3	56	60	24	13	38
83	47	17	0	52	62	17	27	62	31	90	52	80	66	58	38	8	71	52	92	82	72	16	96	16	96	99	59	83	36	79	56	69	23	99	50	13	52	9	2	94	41	28	95	49	8	61	72	9	9
61	9	5	73	0	91	99	86	8	50	50	33	72	50	45	63	54	72	95	75	83	40	48	68	64	66	15	30	21	79	76	88	80	48	45	63	50	27	90	67	46	13	85	42	83	93	5	28	48	5
87	3	5	42	59	0	36	1	87	54	50	76	58	1	82	2	76	48	86	84	11	62	15	30	65	2	78	46	87	59	78	13	32	37	40	77	15	80	7	37	19	90	67	11	58	94	35	26	2	44
86	69	7	60	42	67	0	35	61	42	4	31	35	35	98	84	33	16	80	31	7	49	51	34	24	76	22	64	13	94	47	77	34	56	15	45	80	23	53	90	54	67	62	40	62	29	91	87	39	40
3	33	86	89	9	51	82	0	1	73	78	10	23	96	52	94	73	43	29	72	84	73	49	94	21	91	55	69	97	19	61	96	7	50	33	19	11	65	32	19	98	92	24	39	84	46	69	82	98	91
31	35	16	5	70	26	2	27	0	34	89	87	46	22	25	90	41	13	54	54	64	85	16	61	70	46	60	55	6	67	27	73	12	92	22	61	9	61	17	42	64	56	54	50	78	81	17	53	10	26
94	19	39	67	78	12	62	9	31	0	17	25	80	37	24	68	29	34	25	38	73	63	8	68	21	99	49	59	45	43	35	2	96	95	62	13	74	42	7	87	96	13	60	91	37	94	58	41	22	27
66	37	4	87	95	64	48	61	52	72	0	17	51	60	80	16	60	97	96	53	66	36	30	14	67	83	34	63	63	68	22	26	7	6	34	93	37	36	43	77	77	36	38	92	66	38	19	50	47	99
90	92	38	20	37	86	57	90	17	78	78	0	27	20	64	31	19	50	32	87	93	59	69	86	86	19	66	88	58	9	33	64	97	84	28	71	15	20	59	50	96	48	96	54	91	54	33	10	40	94
51	41	63	32	6	31	95	14	24	93	92	51	0	68	72	80	57	40	6	8	55	99	11	24	70	31	81	2	62	94	3	60	66	28	26	74	43	86	53	62	62	50	37	98	64	32	83	93	76	55
8	19	82	91	8	99	68	84	27	79	92	86	24	0	32	50	88	96	89	40	33	96	96	43	23	49	16	80	68	59	40	98	43	70	2	5	43	12	62	64	60	34	30	9	12	37	61	24	98	34
3	33	87	8	14	73	17	35	63	45	92	15	83	68	0	21	14	43	89	81	94	55	21	55	23	42	88	47	56	14	53	74	48	42	96	11	33	38	10	1	79	48	17	90	19	42	23	50	84	61
70	52	28	33	38	59	90	85	24	38	50	13	91	75	71	0	67	71	86	21	99	46	38	41	55	70	20	86	92	84	38	54	7	43	23	86	55	56	61	10	16	21	2	38	40	83	5	66	71	58
16	23	40	19	89	58	56	93	5	88	71	67	38	24	66	65	0	82	47	89	54	42	31	67	98	24	88	34	60	14	20	80	27	23	90	4	99	11	43	4	86	44	46	70	71	46	18	56	64	39
87	14	50	81	79	59	90	61	24	91	43	97	46	53	6	51	77	0	48	3	51	85	33	68	3	32	42	90	6	89	26	26	19	87	10	1	51	59	95	46	42	19	68	45	96	86	81	91	62	38
36	78	57	50	63	65	19	69	92	3	7	19	59	4	73	27	70	3	0	20	49	60	26	62	96	75	63	97	8	89	43	41	29	36	19	70	82	94	25	2	35	89	77	80	10	71	14	69	88	95
91	50	6	21	7	90	35	83	87	31	5	34	84	92	10	28	52	26	99	0	12	3	27	56	56	74	7	94	12	36	96	56	92	41	4	61	28	77	65	61	21	96	72	96	6	2	40	39	97	48
55	98	82	72	43	12	76	39	11	34	60	15	66	15	75	64	33	25	15	44	0	94	56	73	55	46	32	27	47	29	78	40	15	86	51	55	19	70	31	88	10	61	12	33	59	6	53	67	14	87
82	97	25	57	50	85	21	18	83	53	37	23	90	56	99	42	7	63	43	96	97	0	89	10	72	40	75	41	67	58	1	81	13	95	75	50	3	26	57	39	99	51	72	49	10	40	56	86	38	91
22	60	81	45	37	56	6	57	68	97	21	22	13	98	49	5	30	68	49	18	48	42	0	51	62	8	28	93	92	57	3	88	6	29	96	53	57	42	50	66	29	24	29	57	34	50	33	32	23	26
38	87	13	75	54	74	70	11	81	1	16	85	11	3	30	66	97	14	71	76	86	5	46	0	87	1	87	89	67	94	92	45	11	36	77	47	15	87	18	54	70	81	76	79	73	16	81	19	96	17
31	76	69	45	18	27	38	41	42	82	26	30	56	37	14	48	49	11	98	43	75	21	5	63	0	89	54	61	58	26	5	67	27	47	12	8	98	45	16	85	42	75	10	95	28	45	45	49	79	3
43	18	11	85	5	67	27	26	12	98	20	30	94	8	11	72	68	35	5	75	85	74	62	57	69	0	55	13	76	91	13	45	11	38	20	71	34	62	43	37	92	26	42	22	81	74	30	69	87	89
54	14	40	33	82	22	80	60	89	49	61	74	82	76	12	37	11	91	50	82	49	21	17	72	56	23	0	67	6	28	13	45	69	25	63	17	81	17	7	59	84	91	43	8	67	21	19	20	38	56
31	8	76	39	70	47	28	13	23	66	27	81	70	65	55	65	81	27	83	22	64	25	44	63	35	19	22	0	70	30	16	85	76	34	29	84	93	42	52	71	91	57	55	51	51	82	40	43	50	82
40	16	71	8	31	44	13	9	92	67	60	83	52	79	51	37	78	71	31	56	20	82	81	4	3	70	78	3	0	33	83	16	72	69	83	74	17	52	89	57	85	22	7	98	66	51	69	19	65	67
29	99	97	58	43	76	77	76	53	91	1	76	76	50	45	72	16	71	30	81	88	21	25	95	22	78	78	6	57	0	74	33	51	78	83	13	97	35	81	35	37	43	98	60	73	74	5	85	54	71
35	54	34	49	36	26	98	69	76	37	78	94	70	41	33	63	95	16	87	45	8	68	42	61	92	77	96	81	85	63	0	63	33	72	58	44	83	43	28	9	85	50	70	4	88	18	83	59	57	83
83	96	59	73	11	42	6	47	65	90	53	57	42	94	11	23	76	66	2	89	8	2	79	40	21	84	93	85	39	22	57	0	30	54	17	64	7	35	85	49	20	47	67	96	43	71	87	42	58	6
76	19	33	81	47	38	71	47	94	17	1	79	57	88	47	34	56	50	41	51	15	42	51	63	13	69	24	90	28	90	83	7	0	68	49	35	6	11	26	51	20	79	20	46	63	50	5	80	92	46
8	19	10	68	14	65	66	81	82	36	29	46	46	37	7	60	11	67	73	52	83	67	24	53	13	65	39	29	82	11	60	39	30	0	91	99	77	65	67	25	97	98	76	4	18	25	87	94	87	21
10	21	28	28	92	60	2	57	57	43	65	27	48	35	6	12	16	49	73	78	47	20	56	29	99	22	64	71	39	25	6	99	49	19	0	89	53	83	41	78	68	79	2	78	69	38	77	36	46	59
26	77	10	74	47	24	39	17	78	52	53	27	15	92	68	80	78	82	28	77	94	11	11	49	31	34	68	58	13	44	33	95	36	11	92	0	5	17	35	46	97	59	92	68	22	46	45	51	7	53
49	98	94	63	92	2	38	35	39	9	19	30	61	70	5	25	86	37	75	51	96	18	68	38	43	39	25	65	81	71	37	31	28	90	39	2	0	92	11	78	7	50	1	62	81	40	58	77	77	15
30	7	88	83	72	16	77	6	15	69	82	37	55	91	41	49	3	97	79	46	58	58	29	67	82	66	85	53	98	10	16	2	33	1	81	45	83	0	81	29	28	71	24	70	72	32	94	52	41	11
39	81	59	16	26	74	34	18	37	22	94	95	8	4	47	86	43	94	96	70	66	35	4	12	88	69	64	29	81	70	29	68	16	5	11	6	84	2	0	43	97	18	36	77	54	84	43	46	8	3
10	25	11	30	25	70	64	94	80	12	77	93	43	28	4	62	62	47	4	96	62	30	40	82	38	36	79	60	73	90	88	32	19	89	28	87	18	13	85	0	10	69	34	11	80	55	54	25	97	79
86	37	83	93	75	88	39	1	23	81	62	75	66	97	63	32	17	99	13	23	58	57	32	67	70	61	98	31	16	13	20	96	18	83	22	24	6	14	26	61	0	14	69	29	68	54	82	14	70	6
56	39	36	82	87	92	69	80	67	14	33	17	27	15	68	97	72	49	70	93	12	17	21	4	54	3	9	34	64	84	69	25	76	56	45	4	13	56	33	44	63	0	99	64	57	4	47	61	56	85
57	38	55	8	17	46	7	49	36	94	75	42	57	80	13	92	11	25	87	94	19	80	61	88	37	66	32	55	66	59	91	54	99	24	55	50	65	66	59	68	88	61	0	46	91	96	68	79	88	8
40	45	21	11	98	53	83	13	20	31	69	4	59	73	65	84	10	99	18	32	74	16	28	28	83	11	65	51	10	3	1	12	44	30	8	94	39	59	90	25	44	41	13	0	75	69	42	52	78	70
41	12	23	29	53	46	30	77	27	92	53	98	35	14	43	79	45	95	66	16	43	52	77	97	41	27	76	17	8	4	8	67	80	63	73	50	68	41	76	94	47	76	15	41	0	93	66	81	78	34
53	54	7	83	14	82	78	10	30	88	38	49	59	54	51	59	29	53	26	76	34	60	27	21	1	34	57	71	49	62	61	90	75	18	57	84	22	59	24	16	19	74	85	19	9	0	58	63	68	91
65	5	16	47	77	8	92	24	89	82	28	4	80	38	51	83	53	71	67	24	35	10	29	62	80	28	36	93	19	33	40	60	45	1	43	4	37	5	2	79	43	65	94	22	87	8	0	95	25	85
22	73	70	47	50	9	11	34	45	92	10	91	77	56	71	60	92	35	30	53	30	83	79	40	68	72	49	95	58	54	74	74	43	67	11	37	99	15	88	47	31	50	99	91	6	40	86	0	13	22
90	52	46	30	67	13	9	68	34	80	71	66	97	32	13	35	30	99	57	51	97	95	15	95	41	63	89	14	63	97	34	94	28	99	48	93	78	43	60	56	21	65	40	98	45	27	26	59	0	67
91	66	36	8	12	14	61	67	46	16	87	42	18	93	81	85	2	95	47	38	12	86	37	45	1	85	11	60	12	70	45	1	40	30	27	86	91	3	65	1	50	58	2	35	90	87	16	22	90	0
M6
0	35	55	61	37	65	30	88	39	50	45	50	68	39	81	75	5	24	33	74	64	27	59	84	27	60	19	50	85	51	96	17	97	20	25	61	13	55	68	7	82	32	37	69	3	53	26	55	43	30
5	0	4	39	9	7	32	78	26	93	39	96	47	86	68	60	11	97	44	11	98	98	21	83	87	8	17	49	71	96	25	16	38	29	5	99	59	87	27	59	17	66	98	47	74	12	97	14	77	58
11	76	0	19	82	25	49	33	68	39	69	81	77	88	86	47	34	3	6	67	95	22	76	50	68	70	84	63	63	44	95	95	28	59	36	25	94	82	36	41	21	23	47	6	16	73	18	62	85	16
96	10	38	0	42	88	5	21	42	85	77	94	68	45	51	67	82	89	7	25	29	53	40	53	6	98	98	23	23	74	97	90	61	84	40	36	81	3	12	31	47	51	13	25	51	4	37	76	67	13
37	77	67	59	0	20	44	68	63	49	75	5	24	73	92	48	60	99	25	5	81	66	98	63	10	97	37	93	14	51	94	98	60	72	68	74	67	26	62	34	8	76	12	4	34	20	75	83	90	12
54	46	37	17	10	0	14	15	95	77	16	20	5	1	53	63	52	30	93	39	63	63	76	24	34	37	26	75	74	62	67	20	79	87	12	34	70	41	67	50	1	58	61	67	12	12	7	28	96	7
41	91	91	94	12	33	0	8	19	99	19	80	14	96	68	92	2	77	86	94	58	39	23	39	52	90	3	96	83	27	37	11	60	2	89	32	89	1	79	17	88	71	37	92	33	64	31	20	90	89
63	11	15	87	66	72	99	0	87	76	90	12	78	50	81	63	33	52	61	72	50	39	14	42	9	7	69	57	56	83	18	57	63	81	2	55	17	43	93	3	52	38	34	32	22	6	80	4	61	48
14	56	13	9	81	40	98	2	0	80	68	55	73	21	24	84	13	6	11	78	40	28	29	10	39	72	16	12	15	58	82	82	98	83	42	87	15	38	6	50	99	2	81	39	28	48	23	12	78	20
4	67	72	35	11	3	33	62	76	0	98	68	52	17	63	75	21	23	16	11	34	29	90	81	17	55	80	50	4	3	72	52	97	45	24	80	7	41	94	76	65	65	28	33	79	35	42	5	34	78
87	75	51	60	69	28	17	86	49	19	0	70	25	62	58	52	35	34	31	65	80	68	24	53	74	41	49	43	83	26	61	88	77	35	14	7	17	56	20	3	9	7	91	17	66	50	74	55	60	29
18	70	52	30	35	4	32	74	38	26	19	0	92	71	11	77	37	58	49	78	38	43	80	97	15	99	92	17	73	28	33	1	84	63	10	43	2	68	4	9	60	95	94	13	91	16	81	27	19	68
58	90	27	81	66	66	25	52	33	79	42	98	0	71	22	25	12	8	6	30	86	47	11	24	93	99	52	40	24	40	62	49	28	50	60	51	23	82	66	88	36	52	74	33	18	15	80	15	39	20
54	78	52	35	85	89	81	74	38	27	77	84	8	0	43	51	70	61	62	56	60	90	50	13	50	32	96	68	64	21	69	45	34	69	34	29	78	19	73	84	32	83	13	11	70	79	61	74	98	29
30	71	38	68	50	21	9	1	52	83	80	77	44	55	0	71	93	3	83	93	37	88	5	72	18	26	9	11	80	10	63	49	65	45	60	63	69	24	75	91	39	89	51	78	73	43	24	86	36	8
82	7	3	44	21	76	82	66	9	76	3	37	10	66	34	0	19	16	88	4	3	70	48	23	67	8	35	21	15	31	65	67	98	96	50	20	43	88	8	35	5	97	96	29	42	32	28	65	82	33
76	18	13	72	6	40	17	42	81	21	52	82	29	24	40	95	0	65	30	84	40	12	46	81	16	57	29	64	74	46	50	88	9	96	98	74	27	79	93	38	95	9	65	96	12	29	5	20	51	2
16	62	82	20	99	7	55	4	64	90	8	64	46	10	42	28	72	0	6	56	65	99	4	59	65	31	30	77	50	75	44	38	15	96	65	1	42	93	62	58	38	81	54	31	59	75	36	30	55	4
19	58	40	89	53	78	58	87	83	67	12	62	42	32	69	32	80	58	0	76	43	98	20	21	21	32	68	40	22	82	75	70	96	21	8	67	8	97	47	50	93	32	92	63	58	60	9	37	22	85
90	97	73	39	85	68	8	47	70	50	35	81	81	77	93	14	56	89	13	0	21	12	63	93	94	93	89	20	68	47	99	2	57	15	68	25	74	53	58	58	66	14	63	28	85	51	82	78	97	31
35	78	74	72	78	25	39	35	8	66	53	27	43	49	66	20	32	54	66	72	0	23	79	4	5	87	77	69	90	4	71	64	37	13	91	80	78	31	12	74	10	65	82	25	31	63	79	78	75	14
29	49	43	53	63	17	72	65	25	26	8	65	32	3	56	17	52	31	31	18	67	0	58	37	46	16	12	42	64	48	54	25	24	33	25	18	99	94	12	73	68	76	70	12	99	60	96	44	22	76
90	83	91	94	91	62	63	80	63	44	58	49	52	88	53	63	67	2	69	44	36	93	0	4	1	37	12	47	94	26	37	85	93	92	40	62	86	22	57	67	51	49	24	62	15	23	65	77	31	20
49	25	75	85	41	11	32	81	22	55	12	65	44	50	46	39	57	1	22	41	21	36	70	0	61	70	5	17	14	28	54	61	95	67	91	37	98	54	61	66	78	54	80	30	84	53	39	92	7	44
31	73	85	78	84	40	7	70	19	66	68	28	23	94	80	14	48	70	61	96	60	67	23	24	0	85	3	49	28	60	3	37	57	38	97	40	80	59	31	19	18	48	15	24	91	8	82	27	1	33
2	5	57	45	59	31	49	43	26	19	10	1	63	47	11	65	45	31	7	38	74	48	4	44	49	0	13	23	15	92	61	88	42	51	4	53	86	33	39	47	31	32	51	15	35	73	20	64	12	51
33	61	33	68	65	22	62	99	65	3	31	9	78	90	30	24	79	28	86	41	4	38	38	95	95	36	0	18	46	13	34	34	42	65	76	89	73	62	69	70	32	4	87	30	24	43	72	8	16	98
50	83	2	2	43	57	27	98	45	87	10	50	84	50	34	90	9	84	14	51	42	42	53	49	10	65	49	0	92	49	45	12	73	18	45	96	30	86	91	77	4	87	64	6	28	34	32	31	19	44
28	78	64	39	58	8	14	80	74	8	31	89	69	86	60	52	72	72	7	91	53	37	47	86	51	89	13	49	0	11	27	6	93	64	21	54	61	10	82	9	86	77	38	36	14	65	3	61	4	2
39	68	84	58	34	61	42	36	32	41	52	75	4	49	93	67	58	92	11	91	98	39	89	77	90	54	91	76	11	0	25	47	97	70	73	93	34	38	73	31	88	15	19	14	73	33	96	10	48	71
74	89	10	20	6	30	60	33	3	46	3	54	44	86	63	5	1	48	14	55	8	6	58	39	25	58	8	76	38	33	0	46	6	13	5	78	47	3	25	92	43	69	52	4	62	57	50	29	45	48
78	40	31	82	95	82	14	6	60	43	82	9	79	38	70	40	62	16	22	23	65	28	17	10	35	94	54	47	93	62	56	0	35	18	62	52	10	8	78	66	79	46	98	89	91	92	28	39	13	69
52	23	52	21	99	62	54	71	49	37	44	98	61	68	2	98	38	42	1	23	46	37	34	93	53	27	11	45	59	48	3	37	0	23	70	71	39	25	1	99	91	2	11	21	75	57	77	6	58	31
64	58	2	68	79	28	34	41	10	40	33	2	99	8	75	72	21	57	41	3	67	15	74	40	59	97	58	14	42	29	33	16	21	0	82	79	13	63	90	47	57	46	96	79	62	60	40	98	53	72
84	26	16	15	39	54	12	59	39	9	29	83	71	61	72	54	69	68	27	68	20	65	52	29	42	35	80	57	36	21	24	60	18	69	0	30	7	81	12	23	74	56	17	33	88	52	83	89	44	7
57	43	93	85	74	36	44	84	76	25	85	52	57	52	60	23	24	92	20	22	83	37	59	4	95	86	8	13	42	64	11	82	13	76	47	0	28	10	76	63	78	7	3	4	64	26	14	85	55	18
36	49	9	57	74	57	82	87	86	57	15	78	99	12	76	74	24	55	56	58	96	49	20	56	48	32	67	46	92	90	70	55	73	98	63	69	0	15	97	39	62	60	14	39	40	9	46	65	62	66
56	50	60	80	53	55	81	32	56	79	38	77	66	16	21	2	91	76	11	93	4	65	12	70	22	88	71	11	50	20	72	65	2	62	5	69	16	0	71	64	56	28	37	24	69	45	37	70	98	60
9	22	7	83	96	59	9	88	84	22	34	98	8	74	67	59	13	35	59	66	4	16	56	59	97	29	73	96	73	40	29	54	90	97	5	36	16	52	0	4	83	69	40	13	9	90	17	2	10	91
44	9	23	33	71	2	30	38	76	5	31	58	41	36	37	23	80	98	51	51	64	15	42	6	77	92	33	27	26	79	47	62	78	31	92	82	94	91	80	0	56	95	84	96	23	61	48	84	79	67
57	4	73	96	33	64	76	87	22	64	67	3	94	80	55	33	96	72	23	72	60	17	71	13	44	80	92	66	75	88	1	7	5	61	2	78	83	12	86	23	0	61	35	62	24	24	33	73	58	38
49	70	23	73	11	22	59	21	10	88	95	13	53	99	95	26	78	99	61	26	14	57	41	77	18	53	44	29	43	88	53	39	95	86	87	32	95	65	66	60	50	0	26	68	36	97	58	87	60	98
75	28	49	59	34	98	44	20	80	95	50	59	44	69	48	77	75	35	67	70	82	67	16	6	16	78	4	55	30	82	10	57	82	83	78	6	81	55	45	93	76	85	0	15	48	54	11	67	45	91
61	45	96	71	96	49	22	66	96	57	73	38	35	29	74	21	63	69	71	83	70	68	25	71	97	30	87	99	30	56	43	30	88	62	1	53	91	29	79	78	71	23	13	0	75	51	33	62	35	28
11	40	44	7	14	43	90	92	88	73	36	35	35	1	33	64	49	74	66	88	32	3	49	25	8	48	7	88	95	23	15	63	25	60	90	28	86	14	53	9	62	11	87	83	0	79	38	88	65	69
70	72	28	43	50	72	59	2	70	67	54	46	43	95	83	66	41	67	99	99	42	74	58	10	21	47	84	24	64	29	92	20	10	51	51	55	24	35	50	77	81	59	9	74	3	0	57	28	24	60
40	87	75	74	64	33	69	41	81	98	61	78	34	74	30	72	5	99	67	62	21	53	92	99	59	63	24	70	26	63	17	57	94	60	43	91	31	99	64	19	24	39	41	66	25	65	0	60	7	54
18	89	43	8	97	84	57	11	82	1	2	72	83	98	36	39	88	39	19	72	1	99	19	80	69	70	5	72	48	6	24	40	52	36	84	70	89	75	97	32	81	65	42	14	8	55	63	0	98	43
9	17	88	58	63	19	26	5	16	59	89	29	93	97	26	49	32	43	77	13	69	82	6	24	37	28	12	82	7	71	21	97	4	86	68	66	25	10	8	14	99	84	35	43	85	68	92	57	0	9
13	92	29	54	84	89	31	93	81	73	80	3	57	74	27	86	68	1	1	41	97	41	14	4	24	16	52	73	37	44	28	5	29	77	71	99	91	10	70	70	17	50	1	30	80	45	6	24	41	0
M7
0	67	10	45	3	14	75	67	9	79	43	84	73	2	13	67	65	85	56	58	6	63	63	60	35	41	69	4	64	41	13	91	22	45	20	58	58	80	21	86	62	23	31	75	6	10	65	52	34	68
71	0	66	43	16	82	14	29	87	39	75	97	92	27	74	69	10	35	81	13	69	24	16	93	86	55	39	31	32	40	22	87	71	83	42	33	7	53	39	76	79	88	28	33	46	29	64	79	27	33
1	28	0	79	9	69	4	56	85	99	9	51	93	48	15	36	36	87	21	43	50	3	49	50	25	76	86	72	3	61	85	62	71	82	79	76	52	16	80	63	14	14	61	71	85	7	47	97	46	85
62	2	99	0	29	3	78	78	69	38	59	30	70	64	74	82	78	58	99	82	83	2	83	60	72	75	19	74	86	53	88	13	3	32	31	83	1	86	87	9	89	32	18	97	9	28	16	74	22	68
56	78	58	35	0	40	74	97	5	36	21	80	40	35	6	90	15	51	29	56	37	48	2	49	77	77	93	99	29	39	34	28	27	27	73	83	36	99	27	45	63	89	89	90	56	60	75	80	12	50
21	92	77	75	68	0	97	47	86	4	72	58	86	23	95	68	59	48	62	49	74	20	4	31	64	44	27	85	81	47	88	36	86	90	67	25	29	48	12	76	19	21	66	48	1	80	9	37	73	37
52	10	23	80	93	51	0	66	49	6	55	12	23	12	17	90	24	92	82	14	5	7	67	62	36	28	66	16	23	29	93	58	28	71	40	48	60	70	31	21	74	54	28	60	80	32	96	62	58	40
41	81	30	27	83	30	42	0	12	23	62	40	6	14	74	56	93	52	97	39	20	44	75	88	4	8	28	77	14	32	70	81	37	84	28	43	51	55	53	34	78	64	67	2	68	85	51	12	53	47
66	26	61	25	95	61	96	37	0	17	44	2	93	57	33	71	82	94	88	89	73	82	9	99	78	53	53	31	11	91	36	39	16	93	51	48	73	68	66	81	95	18	88	27	66	33	6	87	95	67
37	87	96	91	64	52	90	35	15	0	87	8	64	20	1	38	62	75	65	54	2	75	14	6	24	96	2	47	79	40	87	71	80	86	20	45	71	1	22	66	25	86	18	6	11	7	44	81	4	84
31	94	22	66	59	26	17	29	20	51	0	46	33	31	49	10	61	96	4	36	18	2	10	32	43	84	50	43	93	34	4	91	90	96	87	78	14	89	55	78	24	59	4	55	29	37	56	77	13	61
22	18	19	92	62	58	35	29	99	44	27	0	90	51	47	35	44	87	39	97	83	31	83	96	82	47	1	26	80	7	53	19	87	13	69	9	4	8	1	89	80	27	64	4	94	60	36	80	92	17
91	97	31	29	4	38	31	34	42	73	94	8	0	48	82	84	53	65	92	52	66	54	13	49	20	27	75	82	54	69	23	88	58	46	95	27	66	4	17	32	36	15	72	71	53	23	35	92	85	99
77	61	98	8	84	26	79	25	43	51	49	2	78	0	17	60	30	74	74	96	46	75	94	35	20	74	60	25	80	33	84	15	86	74	65	4	43	63	87	20	21	59	52	46	37	92	90	36	93	19
84	15	86	35	11	27	31	84	67	97	70	61	68	9	0	61	91	3	21	42	82	92	70	49	30	96	37	21	40	58	61	7	15	77	53	77	94	55	26	91	57	57	31	87	29	81	3	77	42	23
27	77	53	81	75	12	10	54	3	46	17	1	76	60	51	0	78	83	66	27	84	54	17	1	54	75	71	73	96	94	11	39	80	38	21	62	77	91	85	8	50	14	50	49	31	86	63	17	24	18
95	82	41	53	89	71	37	71	7	59	19	44	56	99	39	10	0	36	74	89	89	12	83	70	30	16	87	95	60	47	3	55	5	3	89	46	76	64	81	44	47	24	75	86	78	31	38	71	37	84
30	6	56	8	46	55	98	70	13	73	31	62	2	23	34	22	50	0	7	89	67	91	72	20	99	38	68	86	70	73	55	54	23	45	98	90	56	60	5	56	88	28	76	93	81	8	85	34	81	46
12	75	92	16	74	97	55	91	68	22	32	27	78	32	99	14	24	5	0	15	38	78	30	88	64	49	10	94	17	9	72	5	34	32	29	6	18	63	74	56	5	23	4	90	19	35	84	64	7	19
28	7	47	90	35	34	81	68	6	14	25	66	54	11	46	22	60	42	15	0	8	37	15	73	1	13	45	72	29	61	57	69	5	2	30	3	15	75	35	62	45	68	72	33	40	26	15	93	20	93
9	75	35	57	88	22	4	95	12	12	70	53	16	26	84	81	50	75	81	45	0	47	18	23	51	23	39	19	72	27	62	45	65	81	18	30	99	78	98	66	62	29	64	76	87	72	75	46	37	3
83	81	26	68	87	77	72	37	47	99	16	51	15	1	29	7	13	36	16	34	79	0	55	86	54	56	75	34	54	95	58	52	95	1	59	89	46	34	17	13	9	59	88	20	87	92	72	49	3	85
53	46	46	67	71	7	67	18	98	98	86	38	72	26	7	49	22	97	69	49	83	17	0	52	81	98	85	34	10	28	6	55	7	41	22	55	91	47	25	65	80	89	29	84	32	24	68	81	4	30
99	74	49	50	94	99	20	49	54	79	61	20	93	23	5	16	61	43	8	48	8	67	75	0	97	9	64	84	30	7	40	92	5	33	43	79	26	18	7	82	68	6	12	14	81	21	34	56	50	74
40	96	73	85	13	37	79	63	35	77	91	80	68	92	23	27	3	9	50	26	47	80	94	57	0	11	15	30	9	86	90	78	56	20	69	55	52	62	1	99	56	98	71	92	45	27	33	23	97	24
35	95	20	16	23	69	68	55	87	65	94	48	86	87	94	3	59	56	67	94	4	34	88	57	99	0	98	67	42	96	95	50	24	82	67	64	28	24	47	36	17	29	69	28	58	77	28	65	52	30
73	52	11	84	60	3	5	76	58	31	16	15	94	81	65	1	4	89	19	97	85	94	63	17	9	73	0	27	47	3	32	78	68	38	93	31	83	68	78	32	90	4	31	15	72	28	75	57	66	76
88	44	61	53	22	58	1	30	9	32	30	77	48	39	89	11	43	95	43	55	37	23	6	49	78	80	5	0	63	4	51	83	89	20	79	30	26	29	58	12	65	27	26	14	70	56	32	37	89	15
66	6	24	36	60	66	92	97	22	1	26	29	47	80	80	5	22	26	84	71	17	54	28	35	26	35	63	89	0	6	76	1	87	25	16	87	72	20	88	14	28	20	98	97	3	87	15	18	29	87
66	23	41	85	9	14	53	25	84	90	68	51	5	6	4	72	22	64	84	72	69	76	21	24	88	19	65	61	69	0	5	42	13	76	37	68	6	36	5	16	81	4	47	1	4	42	98	71	32	70
84	48	85	79	26	44	57	14	89	46	5	54	76	59	56	78	36	24	18	70	60	72	28	85	85	87	47	36	6	60	0	44	11	81	77	22	68	90	77	9	67	65	64	95	5	1	58	95	98	33
18	57	22	27	84	66	75	17	16	9	61	87	7	74	94	98	26	37	58	81	16	42	94	59	26	60	82	78	79	27	63	0	50	97	53	79	33	30	67	67	8	63	59	19	36	9	3	75	88	87
85	53	94	68	86	91	44	29	68	79	43	31	70	1	18	52	31	8	87	99	73	11	83	95	19	36	75	30	35	6	9	94	0	15	29	6	59	47	9	48	57	36	10	62	82	63	42	73	8	13
49	85	97	96	4	30	68	50	67	64	97	93	43	27	18	68	42	74	23	94	44	60	87	23	16	35	67	64	18	62	29	13	19	0	2	44	19	98	85	25	61	93	93	4	23	44	17	67	84	22
44	13	71	50	26	82	37	66	92	85	53	62	39	22	44	14	96	71	94	95	51	99	7	21	86	2	87	68	61	92	97	76	41	92	0	92	30	47	94	30	57	1	97	30	9	64	30	13	3	13
26	47	50	83	14	85	84	99	13	71	75	50	81	37	90	72	42	40	39	85	67	96	12	57	31	13	94	8	36	20	35	73	71	69	66	0	97	79	43	44	23	20	79	27	82	62	27	24	29	54
67	81	58	30	81	76	92	76	43	57	45	61	63	33	85	80	24	3	65	96	67	85	77	70	38	88	62	2	88	15	86	36	99	17	44	3	0	71	27	70	87	80	37	61	68	37	98	42	44	48
67	18	55	95	24	18	75	90	25	4	5	36	77	99	10	31	54	75	94	97	66	86	84	7	73	50	56	27	8	14	65	43	21	42	34	7	98	0	32	12	6	1	30	16	80	1	10	11	26	53
46	5	41	22	69	49	22	11	11	64	17	15	57	60	86	73	86	1	28	76	40	19	66	87	67	18	27	52	38	87	19	28	5	20	23	48	82	27	0	47	91	51	70	85	50	12	63	22	89	52
12	29	50	96	1	81	52	55	36	77	75	90	5	16	42	59	16	13	27	19	31	24	62	87	92	8	20	99	17	65	83	3	13	27	40	86	24	77	68	0	38	30	28	91	54	39	92	11	75	59
26	66	8	35	16	70	45	86	51	9	24	83	2	22	56	38	84	91	29	21	1	9	67	1	71	95	1	82	94	2	77	3	20	2	8	78	4	64	53	48	0	81	75	72	34	88	23	91	14	7
77	75	88	20	47	5	89	93	62	84	42	38	33	45	89	99	92	13	63	90	94	52	12	57	57	15	59	51	55	42	50	48	98	11	86	21	60	18	74	77	40	0	40	35	10	76	18	54	17	27
48	58	98	13	89	50	34	66	5	58	86	41	2	51	5	79	52	38	13	25	83	73	1	56	88	97	66	51	92	17	65	21	73	92	72	72	20	77	63	93	77	49	0	62	53	22	7	21	73	50
33	24	22	85	43	37	14	30	76	35	33	25	89	85	13	79	62	74	29	6	43	89	4	51	60	15	15	10	97	83	59	86	22	4	31	15	81	54	91	52	34	14	46	0	25	69	64	71	91	28
88	40	19	40	54	41	27	36	52	2	32	92	27	42	78	22	19	35	71	23	17	46	20	47	70	67	65	47	33	90	66	11	19	61	37	96	93	24	90	36	52	41	13	51	0	31	55	73	13	61
18	63	40	82	9	85	4	42	24	73	1	68	89	92	99	90	55	46	82	40	48	7	30	64	13	34	19	18	56	53	40	39	65	4	49	7	90	81	11	39	96	34	95	91	18	0	94	45	47	80
41	5	20	86	27	6	5	47	36	34	59	32	33	11	82	63	18	1	38	76	24	84	38	16	92	89	69	46	28	63	55	3	23	12	55	87	82	63	65	26	16	20	68	92	58	98	0	42	3	36
86	22	28	13	57	88	65	49	26	16	77	80	33	99	83	2	87	64	78	89	17	3	82	30	93	7	77	9	40	87	71	96	37	99	85	29	76	11	78	63	40	87	36	74	98	85	91	0	95	58
59	59	47	94	48	2	89	56	79	52	98	35	11	62	45	23	6	63	37	2	94	42	53	53	88	77	62	68	39	92	29	88	49	10	34	40	99	21	68	3	36	8	72	49	22	69	37	51	0	70
53	84	8	98	92	92	80	67	79	31	12	7	56	35	81	37	85	16	8	29	29	92	13	74	62	8	11	53	85	33	71	22	25	2	84	54	20	14	20	17	50	2	67	55	53	55	78	22	17	0
M8
0	38	70	76	64	50	58	36	60	17	13	57	10	5	68	79	23	3	32	61	63	9	64	76	22	26	34	72	56	38	61	98	14	30	11	53	19	85	99	6	72	43	13	4	38	29	70	62	68	81
68	0	91	18	26	92	31	53	89	74	63	38	40	50	55	60	6	29	38	35	1	84	18	98	63	30	87	71	90	40	80	60	17	25	86	24	70	71	10	32	9	19	57	75	26	5	77	19	58	38
85	9	0	56	51	48	61	86	51	20	10	84	82	42	72	72	45	56	78	7	60	87	70	37	57	2	44	68	24	45	27	67	63	15	84	69	27	20	13	56	25	34	56	10	40	50	57	89	89	84
29	57	6	0	85	8	57	47	65	24	45	45	34	98	91	47	19	61	17	28	1	30	46	64	83	16	77	96	4	42	97	29	22	72	99	42	69	9	84	8	35	93	47	44	15	26	75	43	60	87
31	59	5	17	0	64	46	42	94	3	71	93	32	6	52	91	60	73	94	49	66	70	25	22	35	67	38	53	76	46	21	72	64	4	15	90	4	53	13	5	98	10	25	11	7	6	59	85	92	73
78	81	1	95	45	0	53	31	11	80	11	94	11	64	56	44	83	78	61	48	84	68	83	37	33	58	39	26	74	66	68	24	52	93	68	55	75	81	79	68	88	65	44	1	63	70	86	31	79	23
66	35	65	83	15	21	0	11	8	57	22	69	2	73	57	21	34	57	4	58	12	70	31	20	27	6	92	77	49	7	79	54	9	1	73	35	90	52	62	91	51	39	7	33	8	3	50	47	80	38
44	24	74	15	8	31	35	0	42	44	11	26	30	96	31	85	5	99	65	87	72	75	32	6	56	66	87	44	32	10	59	3	51	1	85	74	25	88	56	3	96	7	4	41	41	42	89	94	62	78
61	37	70	74	94	27	72	65	0	40	80	5	96	41	59	77	27	90	81	30	63	39	79	7	6	79	48	95	25	69	64	5	99	61	62	61	77	51	9	50	44	81	3	36	20	34	98	45	1	18
27	81	26	30	53	5	46	45	14	0	16	8	66	12	8	79	34	56	82	1	80	85	43	20	82	11	11	43	39	58	29	26	77	9	51	69	85	53	21	9	87	20	98	4	33	44	92	61	83	69
89	66	70	29	4	86	99	17	84	80	0	12	64	47	35	17	87	31	89	74	47	79	49	78	62	10	76	82	56	26	15	46	23	59	93	16	52	78	13	70	50	82	96	70	32	64	84	11	87	32
84	67	40	96	2	74	50	84	44	84	33	0	19	36	90	95	89	8	19	5	10	46	16	52	1	10	86	66	87	61	71	98	85	52	48	79	90	75	11	8	29	73	64	50	29	48	18	35	97	33
89	78	33	10	39	77	5	88	92	59	74	74	0	41	73	47	92	5	47	68	57	9	71	19	84	9	68	57	1	64	52	20	93	47	1	82	4	27	96	33	53	76	94	24	62	95	28	86	9	36
68	36	10	69	95	2	48	59	42	54	68	95	19	0	16	19	18	40	84	4	48	93	90	74	85	44	80	89	44	45	98	5	45	6	94	74	80	43	94	86	19	10	10	55	13	74	63	39	35	3
63	63	56	66	56	77	25	67	36	47	28	68	96	83	0	46	59	39	65	10	96	84	74	43	4	64	90	47	22	61	82	40	36	36	12	85	27	75	36	55	14	27	51	22	9	15	53	58	72	60
75	8	49	29	38	51	42	1	28	67	27	29	83	83	26	0	18	55	52	1	68	76	99	24	32	47	32	39	7	22	12	22	45	75	10	8	56	54	16	33	48	52	69	19	5	74	22	94	18	76
58	28	21	78	33	24	80	4	99	95	47	98	42	29	75	11	0	32	95	65	52	69	74	81	70	85	93	48	92	21	7	38	34	87	64	92	70	93	32	43	20	96	80	30	94	93	50	28	3	74
49	23	12	1	53	19	18	80	9	40	74	53	65	80	64	5	76	0	13	33	74	52	37	18	29	59	71	24	18	83	74	51	20	19	70	65	58	43	26	57	50	87	80	58	99	10	40	78	60	47
78	1	26	81	26	49	35	62	7	1	74	64	83	32	33	68	14	95	0	47	11	13	76	26	16	89	84	49	23	5	66	84	72	61	57	59	4	16	88	86	81	90	40	31	67	17	97	62	75	36
39	31	8	35	91	69	44	9	94	97	23	62	93	92	63	1	38	40	90	0	60	41	85	76	99	60	63	7	34	75	39	34	84	82	31	78	92	42	75	88	97	33	50	69	93	2	81	44	5	31
93	6	59	36	71	68	31	80	54	37	88	71	77	50	80	63	26	54	34	98	0	73	27	40	43	18	59	73	10	33	53	56	75	4	99	55	30	13	42	99	21	94	49	28	67	72	44	15	71	51
54	48	54	24	2	36	72	21	30	74	12	9	44	4	61	9	13	38	7	12	48	0	44	5	82	75	97	21	6	50	47	48	3	90	72	31	21	20	9	68	86	56	63	79	54	81	69	31	10	74
41	73	4	1	21	54	26	85	36	69	37	19	9	87	32	61	90	75	90	54	99	81	0	51	55	2	62	99	48	43	77	61	4	45	68	57	77	8	95	38	88	79	21	14	11	2	33	49	54	28
64	93	37	72	62	58	78	47	84	55	38	88	48	76	7	74	53	73	20	3	57	42	34	0	56	66	62	4	97	80	23	45	57	96	22	70	10	63	57	21	53	47	15	60	36	38	30	81	99	18
85	36	24	65	67	9	93	69	94	88	38	78	77	3	97	1	99	15	15	39	9	13	66	29	0	57	38	88	96	49	14	37	77	59	94	9	50	52	40	11	70	3	70	36	25	97	80	13	30	85
98	11	45	78	27	32	82	41	7	18	23	22	76	47	75	95	30	18	45	42	92	25	88	63	68	0	73	72	25	23	10	65	70	14	43	40	41	73	87	41	10	20	66	69	93	35	35	79	26	41
29	82	89	72	46	18	36	15	4	22	57	64	43	15	78	14	74	81	80	1	67	12	87	41	49	38	0	66	42	54	85	15	89	43	95	57	23	82	28	63	58	49	27	53	25	13	12	64	20	90
30	84	97	2	77	84	49	48	85	4	38	1	16	61	2	78	23	14	27	35	67	68	58	5	94	26	18	0	62	16	19	15	95	48	52	91	13	99	90	38	17	16	22	56	17	19	94	69	75	2
35	6	2	60	59	91	34	80	49	43	81	15	62	47	15	99	89	49	23	16	80	16	80	87	97	14	89	70	0	78	46	94	71	8	21	74	7	28	46	71	94	53	90	7	22	51	27	94	50	11
76	46	40	11	2	32	11	66	23	53	71	10	51	17	72	22	73	42	83	45	27	20	95	26	38	19	76	73	30	0	1	65	36	17	94	62	20	34	38	46	20	79	84	50	18	66	43	47	80	1
86	45	68	50	56	95	13	53	41	46	47	96	19	15	94	54	71	49	32	59	32	6	8	71	8	61	63	39	94	40	0	89	82	87	22	36	47	25	58	19	93	47	24	28	31	55	67	24	12	80
45	51	43	19	53	37	74	90	87	41	79	14	97	66	35	19	21	69	65	41	98	5	5	52	29	1	1	37	94	69	52	0	17	69	66	62	76	5	75	55	48	36	78	63	61	67	34	16	49	24
73	62	90	81	90	22	19	7	84	37	11	70	82	74	72	20	47	9	48	28	44	67	40	41	37	29	20	95	25	19	43	91	0	36	13	30	27	53	67	52	32	32	36	45	68	25	20	35	68	48
88	51	41	25	53	71	64	9	80	91	35	76	78	60	61	26	5	84	4	28	55	8	4	26	58	27	65	65	66	86	65	6	21	0	73	15	58	47	90	93	20	83	1	37	38	70	56	46	96	39
52	32	8	88	80	47	84	28	64	38	77	34	6	37	39	40	69	69	39	69	93	42	30	70	89	55	64	5	81	34	83	33	1	85	0	44	56	15	15	58	34	85	67	48	77	63	87	50	93	68
80	22	32	21	51	29	35	22	44	17	34	81	93	5	15	65	88	44	40	98	85	29	26	40	33	66	93	31	93	24	44	66	72	21	33	0	60	88	42	38	80	60	67	50	96	65	62	31	54	16
74	9	65	66	14	23	95	19	34	19	69	14	28	67	32	21	5	62	40	48	26	2	71	63	93	81	64	70	41	37	46	95	60	21	94	88	0	61	4	43	7	57	27	40	80	13	53	4	54	3
96	39	51	71	14	17	11	82	96	16	3	7	7	89	7	82	24	10	11	51	14	90	82	51	30	95	1	12	6	88	53	99	4	79	42	1	26	0	64	65	28	5	78	36	9	25	2	78	81	53
81	18	98	60	68	35	39	82	85	62	41	44	66	47	40	40	27	97	69	54	76	90	32	52	74	20	80	93	72	94	54	35	23	23	52	17	27	51	0	52	74	56	28	99	99	85	21	25	49	93
16	66	76	40	49	5	24	21	78	37	26	61	87	56	83	96	64	88	20	37	22	28	36	47	34	69	20	66	8	14	66	40	24	13	38	59	9	62	47	0	31	15	77	51	97	43	2	3	6	7
23	69	88	39	14	39	94	97	15	63	98	93	24	15	66	76	62	45	62	35	30	84	13	8	81	11	80	96	60	85	3	41	99	31	93	96	64	89	28	12	0	84	6	41	17	30	6	23	51	2
71	93	98	43	39	70	12	13	62	80	39	62	13	83	86	97	33	84	87	40	37	74	42	6	36	24	65	64	40	4	56	50	51	21	70	40	54	2	59	19	75	0	38	7	93	56	88	87	27	68
11	11	12	68	56	37	94	56	50	79	19	10	46	24	62	84	31	22	71	11	3	58	29	35	64	94	97	75	6	15	32	94	46	62	57	9	88	15	45	83	87	53	0	40	93	36	14	21	36	31
27	93	29	60	94	56	40	40	43	78	19	66	67	89	32	82	42	62	23	84	76	37	48	79	29	36	59	2	12	45	33	47	60	70	68	62	28	93	3	17	47	95	25	0	47	68	10	65	33	52
19	15	51	95	30	94	37	2	69	65	21	32	86	68	30	1	73	27	85	98	20	51	17	54	66	20	73	69	34	44	30	94	30	28	91	24	70	82	42	19	62	57	11	12	0	28	97	46	25	84
44	9	20	96	25	31	60	67	21	11	47	37	81	28	74	3	45	5	88	84	84	46	79	94	71	39	18	86	41	84	14	89	93	99	82	66	80	22	15	31	33	72	8	28	55	0	99	96	55	85
82	95	82	88	73	33	4	33	16	42	11	82	53	49	85	93	27	56	55	85	22	20	50	49	19	79	47	6	38	69	11	12	14	24	56	93	15	80	85	54	97	4	83	71	81	14	0	74	98	50
82	73	23	36	27	72	54	53	21	67	39	60	1	3	22	83	33	81	16	34	75	91	39	86	49	19	19	20	92	69	1	26	85	12	90	35	39	6	21	24	16	96	24	98	2	70	53	0	70	56
18	85	64	23	34	79	29	49	66	3	38	72	88	35	8	59	46	1	64	14	15	8	26	73	72	93	8	83	63	85	49	4	5	44	11	78	80	55	17	3	5	62	25	40	59	72	42	80	0	33
76	36	56	22	68	99	32	67	47	65	62	36	33	89	64	67	50	46	50	58	38	87	35	49	3	90	85	15	23	71	98	13	58	36	25	8	41	30	54	87	45	64	50	52	53	57	99	11	74	0
M9
0	15	97	52	85	25	97	44	92	68	99	99	38	33	41	10	99	18	32	10	54	47	31	68	14	22	66	82	40	13	53	27	3	32	32	3	47	57	69	69	65	6	74	63	8	62	12	28	67	7
37	0	25	26	27	77	82	41	74	28	9	26	13	39	87	34	82	15	12	58	57	55	37	16	77	6	63	57	85	90	58	44	98	54	7	62	91	38	31	83	77	55	15	85	7	52	46	82	21	60
35	47	0	43	86	92	7	72	87	66	57	27	34	71	25	57	48	67	59	7	81	52	57	9	70	98	29	42	62	43	75	74	35	89	27	79	20	12	61	4	19	45	12	7	75	22	19	20	36	75
3	83	5	0	13	44	64	94	60	9	60	17	97	55	38	55	48	5	76	42	5	70	5	96	82	66	39	26	47	50	91	84	58	65	79	31	16	90	63	54	12	14	99	38	14	76	77	90	43	71
88	62	17	85	0	26	22	68	7	33	71	67	56	49	14	2	11	97	9	95	7	41	74	70	73	90	26	78	10	30	60	61	12	16	19	22	24	41	96	97	55	94	74	84	90	39	94	48	90	85
14	19	67	57	82	0	63	55	63	57	60	38	3	37	51	94	3	77	30	68	44	25	77	75	24	74	84	17	79	51	97	46	35	50	86	9	90	10	24	66	39	83	12	60	72	43	17	83	40	26
81	61	47	11	20	68	0	17	88	36	16	56	55	11	8	85	45	32	35	38	84	93	54	37	37	67	88	86	55	21	26	64	84	51	15	84	61	45	74	64	10	91	82	28	34	2	94	20	56	19
11	21	41	22	2	70	21	0	45	48	63	98	83	62	57	95	47	99	12	85	82	74	52	7	83	23	22	65	45	15	68	63	48	68	76	13	67	36	49	20	46	79	90	52	82	19	45	31	8	55
2	92	67	85	63	25	30	61	0	37	76	74	65	4	77	50	99	64	35	93	18	76	91	53	36	26	45	54	14	99	85	7	82	49	92	45	67	73	87	29	33	41	49	77	34	46	33	88	66	66
45	75	51	53	72	32	88	99	58	0	91	52	37	84	50	46	70	99	65	16	55	92	65	88	74	15	3	94	61	91	61	88	80	82	91	77	73	74	32	16	10	26	47	29	22	78	75	76	98	29
90	68	76	18	4	91	44	57	56	12	0	57	42	97	53	29	85	32	77	27	87	85	17	26	30	29	29	60	42	54	66	92	94	86	97	99	13	90	21	32	12	1	41	92	98	60	12	51	96	92
69	1	75	6	2	88	9	6	25	7	81	0	90	74	26	16	29	20	84	8	59	69	86	64	56	23	65	5	45	78	10	60	78	13	74	81	91	93	6	49	2	79	58	24	21	23	95	11	1	87
82	8	23	43	28	54	3	90	23	27	79	32	0	85	20	99	6	26	24	22	32	59	89	98	43	60	27	16	95	18	1	93	92	44	93	77	63	47	71	76	63	56	60	26	15	80	23	78	84	25
97	61	70	1	21	38	57	1	74	76	44	31	8	0	5	67	13	26	3	63	6	56	72	53	3	26	76	35	16	18	41	25	38	74	54	73	48	85	19	50	14	74	40	82	90	55	43	81	29	37
60	93	32	2	42	57	44	72	59	63	36	53	23	43	0	30	2	29	24	95	76	95	40	80	64	73	87	75	68	21	44	25	40	96	15	30	53	95	63	8	74	33	34	2	79	68	91	55	6	98
15	3	40	84	35	25	6	76	2	83	75	61	5	34	23	0	39	6	70	6	2	50	66	31	91	47	96	52	28	63	68	86	56	56	3	72	55	32	18	88	85	32	32	4	94	50	79	50	97	56
95	8	85	82	38	71	57	65	24	23	60	91	17	23	79	70	0	96	22	38	17	74	28	64	47	60	84	58	7	82	62	66	72	18	58	31	16	85	49	90	15	8	48	32	47	45	68	29	94	58
89	22	63	56	66	15	83	27	47	97	41	59	77	21	71	20	9	0	78	93	19	45	81	89	91	85	18	40	89	55	45	80	29	26	50	35	69	74	67	37	11	28	66	58	22	90	22	87	54	60
29	51	90	66	53	42	41	94	1	19	86	90	56	92	23	34	26	85	0	65	45	87	72	11	58	27	1	76	72	10	68	44	67	37	9	99	46	61	93	39	35	70	74	64	58	68	10	23	69	11
57	41	3	73	14	48	77	46	52	24	69	10	74	83	35	20	79	92	45	0	97	27	90	69	25	31	47	19	73	26	83	38	24	79	38	93	55	53	62	22	3	34	63	7	29	80	36	22	48	62
57	51	81	89	23	61	69	57	56	11	46	48	28	96	41	73	45	94	95	45	0	14	31	79	9	86	83	59	77	37	34	53	47	30	76	69	92	79	76	19	57	6	46	42	97	51	56	96	48	94
8	92	8	82	45	71	75	80	79	72	66	89	33	23	14	91	61	47	14	26	80	0	93	77	7	18	2	10	18	76	83	1	64	60	73	24	70	9	77	72	30	45	25	67	68	31	4	28	66	72
38	90	50	42	23	1	65	89	47	35	62	70	50	20	77	7	2	41	97	65	6	79	0	14	14	55	11	20	90	98	48	27	4	92	28	58	32	44	48	82	8	83	36	89	2	6	80	5	30	70
68	8	59	72	13	4	89	85	41	59	26	71	20	88	73	98	92	75	21	3	84	54	91	0	99	89	77	86	14	49	58	37	9	82	61	39	1	29	70	58	20	20	71	5	39	76	14	30	73	18
51	81	50	8	72	37	64	89	69	92	1	79	97	62	75	22	40	53	23	23	78	77	45	20	0	14	45	79	44	10	43	70	99	51	89	48	60	26	18	34	40	83	37	45	14	28	68	64	88	48
52	78	31	87	85	32	29	11	15	28	33	28	15	73	96	63	21	63	19	94	84	42	60	5	90	0	87	87	99	41	1	50	8	87	15	25	52	94	34	48	61	36	78	48	67	70	99	34	95	52
73	4	58	62	11	86	90	75	24	20	8	94	44	39	61	13	85	17	23	94	84	95	31	81	80	78	0	70	62	98	1	77	63	62	70	89	54	40	65	69	66	9	22	93	71	86	48	74	84	54
60	46	52	5	98	57	75	43	6	25	69	55	47	57	36	21	16	55	40	16	58	37	85	56	93	41	38	0	50	39	28	57	92	45	63	9	93	4	49	93	32	97	65	96	82	90	3	52	48	75
22	76	6	41	61	12	34	24	83	88	94	34	28	89	77	1	9	85	37	66	82	62	72	14	69	78	31	11	0	5	94	53	22	46	94	60	6	81	72	72	90	96	43	9	20	99	42	96	95	16
76	2	61	7	62	45	1	63	71	81	53	71	50	50	71	82	6	13	55	6	47	55	59	4	49	15	48	85	76	0	43	39	11	55	36	73	41	23	90	94	15	61	48	26	34	7	61	73	82	93
78	8	13	66	28	87	69	80	69	36	52	54	19	76	17	71	74	3	73	26	6	22	39	61	78	1	42	50	20	22	0	89	21	57	95	51	15	91	21	9	36	60	61	84	40	34	95	51	48	31
64	63	6	47	96	96	8	52	15	65	73	61	45	44	27	31	66	40	25	5	91	77	44	10	67	88	1	5	20	26	90	0	4	85	40	46	28	22	93	67	80	69	96	66	35	15	82	27	64	78
70	83	84	23	80	56	70	64	90	4	59	15	50	75	74	11	4	85	18	91	80	32	11	29	46	24	92	38	34	14	5	8	0	1	29	8	28	65	54	30	21	36	17	28	82	27	58	7	94	24
12	46	85	53	19	20	22	45	40	98	63	26	54	80	42	62	48	5	8	26	44	8	75	91	13	52	65	55	71	46	9	42	63	0	1	76	52	72	20	40	45	12	21	78	80	94	8	84	55	83
67	53	2	58	56	27	45	62	82	45	30	22	24	37	69	33	25	24	66	64	54	43	19	36	38	7	14	56	80	52	51	27	44	42	0	76	56	61	38	3	40	73	42	40	97	51	78	84	63	21
75	26	92	99	49	58	14	35	16	37	38	76	74	90	21	41	45	81	24	40	39	92	21	90	17	70	57	24	47	42	49	49	70	9	81	0	65	45	76	45	6	8	59	14	59	97	85	62	21	17
89	74	44	21	63	82	7	65	1	39	19	67	61	36	28	35	38	82	94	79	7	34	51	26	82	35	72	79	18	97	8	7	22	47	57	39	0	82	2	99	27	7	59	96	82	35	22	33	86	81
72	61	65	3	83	80	53	5	30	43	94	39	24	79	48	45	9	95	15	38	60	59	78	59	9	3	46	25	55	96	29	52	55	74	79	36	99	0	9	11	20	3	80	27	72	93	73	67	68	49
9	32	39	40	79	35	24	54	60	28	65	38	11	56	9	62	73	64	3	89	63	58	16	35	77	80	11	6	86	77	50	89	78	38	16	22	65	51	0	62	40	81	10	58	22	26	52	55	50	34
25	17	64	74	94	76	83	10	69	17	15	70	81	90	74	21	47	16	93	28	21	32	88	56	90	76	11	47	90	42	3	60	30	12	32	82	59	82	83	0	36	23	24	26	36	71	37	76	82	35
11	39	84	77	83	95	60	80	64	60	40	30	62	31	92	14	44	6	36	29	8	45	97	83	36	94	53	28	81	93	44	42	89	47	64	93	65	37	50	5	0	35	77	28	24	55	71	3	72	87
98	91	21	23	56	18	10	27	28	46	21	61	50	20	72	62	8	2	78	20	61	67	3	73	21	89	9	9	87	96	69	39	27	11	89	91	79	3	72	42	86	0	2	10	60	1	55	95	61	11
37	82	84	96	34	29	34	1	64	16	50	68	10	30	13	7	66	30	75	55	44	56	95	81	61	42	5	21	30	44	36	49	23	96	92	46	57	49	41	78	48	61	0	58	32	14	43	46	56	38
76	31	2	13	61	71	73	24	55	70	17	55	14	58	18	17	47	72	91	26	46	90	67	94	53	52	21	13	63	95	95	12	2	8	13	64	2	26	78	48	76	75	19	0	76	66	19	12	84	2
49	87	11	15	47	33	16	85	98	6	41	8	38	46	82	16	53	56	36	5	84	61	48	20	82	86	70	26	32	28	1	67	41	69	66	65	47	90	80	44	10	80	68	58	0	69	31	53	72	10
81	50	12	43	38	99	90	2	4	47	82	28	66	45	88	62	46	30	21	96	8	17	3	42	70	96	62	9	75	35	59	14	10	9	78	68	79	33	81	89	81	51	88	60	26	0	9	51	23	5
22	20	71	6	9	25	98	24	60	28	92	5	45	6	98	42	99	75	95	6	36	75	43	57	56	61	1	10	87	77	28	8	44	14	19	55	1	61	28	16	26	31	79	46	10	80	0	90	53	91
85	33	86	56	43	10	95	73	82	43	21	87	30	78	94	84	68	56	78	91	54	21	51	94	9	47	31	63	89	14	98	37	8	57	48	98	47	80	87	43	95	2	63	21	11	69	82	0	9	64
70	49	42	34	17	57	98	63	95	87	48	80	86	6	70	53	16	63	26	35	89	50	39	11	10	46	9	61	92	63	70	94	19	93	66	19	1	89	5	61	42	50	13	38	22	80	9	48	0	27
59	57	47	19	27	69	3	22	75	79	60	34	7	3	67	29	88	40	18	98	32	10	33	28	52	15	86	30	7	54	34	77	14	71	11	95	88	73	7	11	61	69	27	74	58	23	6	1	64	0
