50  10  1
10
	0	100	1	49	2	51	3	62	4	78	5	51	6	34	7	95	8	73	9	84
	0	45	1	80	2	22	3	50	4	17	5	21	6	87	7	80	8	22	9	75
	0	20	1	92	2	12	3	19	4	8	5	34	6	54	7	28	8	30	9	84
	0	30	1	94	2	79	3	75	4	31	5	5	6	25	7	35	8	71	9	66
	0	27	1	76	2	18	3	21	4	33	5	76	6	90	7	16	8	95	9	22
	0	89	1	15	2	17	3	28	4	49	5	41	6	6	7	31	8	41	9	33
	0	77	1	29	2	47	3	12	4	59	5	32	6	96	7	15	8	84	9	14
	0	37	1	38	2	58	3	5	4	77	5	87	6	52	7	58	8	17	9	40
	0	66	1	72	2	65	3	63	4	36	5	69	6	5	7	30	8	2	9	43
	0	47	1	49	2	60	3	38	4	100	5	90	6	53	7	20	8	33	9	56
	0	81	1	48	2	17	3	67	4	34	5	62	6	62	7	20	8	81	9	41
	0	4	1	69	2	66	3	99	4	86	5	25	6	91	7	31	8	49	9	67
	0	94	1	5	2	37	3	33	4	46	5	86	6	57	7	4	8	31	9	28
	0	73	1	25	2	72	3	61	4	13	5	12	6	35	7	77	8	11	9	41
	0	4	1	81	2	30	3	30	4	19	5	62	6	30	7	33	8	32	9	94
	0	70	1	37	2	90	3	93	4	68	5	18	6	87	7	65	8	55	9	84
	0	20	1	35	2	93	3	41	4	48	5	39	6	51	7	32	8	46	9	18
	0	54	1	45	2	87	3	52	4	42	5	1	6	7	7	7	8	21	9	46
	0	40	1	3	2	77	3	26	4	6	5	18	6	96	7	12	8	16	9	78
	0	2	1	8	2	8	3	6	4	13	5	51	6	32	7	34	8	76	9	88
	0	63	1	94	2	19	3	5	4	80	5	40	6	61	7	14	8	71	9	71
	0	29	1	50	2	28	3	66	4	1	5	19	6	65	7	34	8	69	9	2
	0	48	1	43	2	79	3	8	4	37	5	98	6	3	7	29	8	78	9	62
	0	52	1	44	2	86	3	52	4	28	5	69	6	17	7	44	8	73	9	50
	0	6	1	80	2	68	3	55	4	45	5	57	6	91	7	7	8	96	9	32
	0	34	1	49	2	83	3	93	4	33	5	66	6	9	7	55	8	73	9	75
	0	76	1	2	2	65	3	64	4	26	5	77	6	99	7	63	8	12	9	79
	0	39	1	43	2	70	3	48	4	100	5	2	6	70	7	11	8	19	9	79
	0	40	1	43	2	30	3	94	4	3	5	74	6	84	7	18	8	83	9	13
	0	83	1	16	2	47	3	98	4	20	5	14	6	100	7	94	8	45	9	89
	0	63	1	74	2	89	3	77	4	75	5	79	6	29	7	54	8	15	9	29
	0	75	1	27	2	41	3	36	4	93	5	50	6	72	7	47	8	22	9	48
	0	77	1	93	2	35	3	5	4	44	5	58	6	45	7	61	8	34	9	68
	0	73	1	26	2	52	3	72	4	21	5	91	6	92	7	65	8	6	9	3
	0	27	1	76	2	70	3	44	4	55	5	20	6	53	7	10	8	37	9	86
	0	7	1	95	2	65	3	9	4	77	5	21	6	55	7	52	8	84	9	75
	0	59	1	2	2	88	3	29	4	42	5	27	6	6	7	71	8	51	9	88
	0	28	1	67	2	82	3	80	4	35	5	25	6	44	7	43	8	38	9	42
	0	30	1	79	2	69	3	47	4	81	5	61	6	4	7	73	8	98	9	18
	0	5	1	27	2	19	3	38	4	88	5	31	6	80	7	12	8	85	9	58
	0	37	1	19	2	36	3	92	4	93	5	36	6	23	7	68	8	77	9	91
	0	68	1	93	2	62	3	30	4	8	5	45	6	14	7	39	8	55	9	92
	0	28	1	55	2	94	3	87	4	60	5	58	6	68	7	38	8	96	9	11
	0	69	1	44	2	95	3	18	4	16	5	48	6	3	7	98	8	6	9	69
	0	32	1	91	2	60	3	82	4	29	5	54	6	96	7	81	8	14	9	24
	0	13	1	37	2	29	3	27	4	59	5	31	6	41	7	82	8	16	9	37
	0	1	1	22	2	38	3	70	4	28	5	34	6	100	7	33	8	90	9	90
	0	76	1	28	2	94	3	6	4	27	5	9	6	11	7	83	8	74	9	100
	0	85	1	83	2	9	3	96	4	18	5	62	6	27	7	34	8	24	9	69
	0	18	1	89	2	91	3	58	4	43	5	32	6	95	7	4	8	67	9	72
SSD
M0
0	76	117	56	58	71	53	93	60	85	77	67	118	116	92	22	100	59	65	58	90	103	22	68	40	53	58	9	94	18	70	48	19	75	77	59	34	28	52	10	64	58	61	21	18	74	55	74	38	1
66	0	107	32	121	82	124	100	23	36	28	123	78	8	103	51	77	6	45	93	122	107	30	57	88	21	18	71	79	35	124	14	117	107	41	90	68	112	32	32	75	73	62	63	90	73	16	65	93	2
105	118	0	3	122	20	46	66	67	88	89	53	64	63	19	96	43	120	119	64	9	120	44	119	7	30	40	44	12	109	101	49	114	108	118	72	45	91	6	105	74	97	75	114	34	83	76	40	58	8
96	112	87	0	94	67	41	65	57	117	1	49	14	104	36	102	71	104	122	1	98	9	51	63	123	95	81	73	63	117	92	44	15	4	103	91	24	2	80	120	112	53	93	29	41	55	63	52	38	89
79	37	16	98	0	101	68	84	30	90	47	61	109	62	96	102	74	60	63	97	96	80	62	123	40	29	26	58	91	53	5	76	88	2	1	62	37	57	19	108	74	103	56	67	49	52	15	10	42	16
90	1	67	113	45	0	109	87	84	103	116	9	96	82	31	118	84	37	74	59	74	113	40	114	29	63	4	92	76	56	123	19	15	64	37	102	104	120	50	17	112	62	71	12	74	112	21	74	32	91
9	119	36	64	57	98	0	96	17	99	56	70	56	108	118	110	45	3	111	83	103	14	93	34	61	85	88	33	2	67	101	59	32	67	20	54	104	55	40	108	102	14	36	6	54	27	82	113	21	65
98	57	79	30	18	94	123	0	6	8	62	112	87	97	15	25	68	30	93	107	15	17	66	116	89	39	23	48	93	27	99	26	10	40	12	24	94	56	111	8	106	76	40	12	30	87	8	36	77	17
98	91	6	48	41	92	99	103	0	54	112	48	73	24	21	116	6	37	58	38	41	99	83	96	5	11	97	114	99	32	81	26	69	117	89	58	89	52	48	124	54	69	30	31	92	104	12	34	37	75
68	31	116	20	81	114	38	62	96	0	87	35	89	98	92	118	51	29	44	37	66	114	50	119	82	35	81	82	68	56	30	23	49	83	81	118	32	93	109	80	70	66	95	52	69	75	73	71	28	104
45	102	122	34	70	64	22	70	16	44	0	28	10	118	70	107	28	33	71	117	74	82	68	78	19	61	57	119	48	9	50	32	30	107	62	83	34	61	61	107	31	51	104	103	27	54	9	5	88	71
63	80	89	92	97	45	48	57	84	23	102	0	58	27	25	33	114	4	6	80	77	64	101	19	52	19	51	60	88	12	97	100	90	122	46	64	7	45	97	76	55	47	71	120	1	66	71	112	38	83
21	121	109	63	53	91	36	43	13	112	90	101	0	97	37	76	93	87	36	123	73	24	106	55	107	66	36	110	81	90	33	61	19	82	96	75	79	58	10	46	60	15	110	49	17	67	16	100	6	100
30	47	1	35	95	80	56	71	81	28	79	103	77	0	82	93	89	53	78	42	123	114	24	80	91	27	72	95	50	47	73	83	52	55	63	56	1	82	55	61	32	35	15	38	112	45	87	30	16	26
25	39	51	79	64	115	39	11	13	20	67	35	116	110	0	108	109	15	124	87	59	53	41	31	103	77	33	95	5	23	115	30	36	7	68	55	29	33	56	37	11	91	67	118	22	66	64	6	51	51
1	123	99	49	43	32	38	88	106	10	40	50	76	1	92	0	44	34	19	46	76	42	25	22	24	112	57	73	96	109	54	98	4	12	107	107	45	115	14	16	44	25	43	6	44	78	116	61	91	122
113	43	112	92	78	89	18	124	89	19	94	99	10	82	11	19	0	75	64	64	58	86	13	55	26	109	22	89	103	14	49	32	56	55	12	86	100	31	58	30	44	26	81	33	79	76	69	16	40	104
35	35	48	118	54	104	63	101	100	112	69	27	23	58	88	97	25	0	92	90	102	69	6	31	30	1	100	32	32	114	20	3	66	38	33	16	118	87	43	67	17	24	1	87	61	58	43	7	38	108
2	84	22	65	13	91	119	36	71	6	98	6	80	116	119	46	34	16	0	98	109	91	59	80	88	102	79	96	96	41	7	87	119	84	108	27	36	112	79	40	88	59	111	71	20	63	1	91	112	42
106	85	42	88	34	120	110	108	35	58	62	39	66	123	122	12	66	116	20	0	109	67	16	74	16	28	70	44	13	56	99	121	83	98	112	105	118	80	71	49	44	7	68	117	79	74	67	8	106	112
50	107	54	98	124	57	103	119	35	76	32	93	50	37	86	54	100	66	8	10	0	90	5	23	111	72	35	12	74	3	123	89	28	93	58	114	62	47	113	74	68	103	103	31	79	20	27	6	36	102
119	79	102	70	96	121	32	88	73	118	20	55	23	82	97	27	58	77	68	69	90	0	19	118	109	94	98	17	123	91	68	111	57	5	24	109	2	84	7	13	81	104	111	23	18	88	109	105	11	92
100	74	78	100	113	80	85	9	10	63	18	58	29	97	39	13	27	5	106	122	54	114	0	87	109	10	103	99	32	93	90	92	69	84	4	67	26	124	77	12	39	91	38	24	87	43	64	6	107	17
104	85	8	105	88	90	58	17	63	48	23	108	92	80	70	49	7	7	16	31	47	64	115	0	106	41	7	42	39	83	51	51	42	74	115	53	89	122	24	29	13	115	29	57	2	26	41	101	10	75
93	109	22	119	117	32	120	81	119	117	99	103	28	32	21	48	104	90	21	96	15	87	64	3	0	123	89	24	61	50	93	98	47	7	118	3	110	117	63	9	76	59	87	77	75	48	34	114	6	63
93	6	79	16	37	41	3	79	27	73	118	69	24	67	106	28	117	90	27	81	101	76	101	61	56	0	106	76	110	91	103	23	105	54	110	77	49	42	121	52	60	107	77	118	70	46	40	35	39	77
114	66	102	20	60	15	28	82	91	62	95	38	14	22	72	105	115	38	85	1	41	119	19	26	109	112	0	34	110	6	82	31	107	117	112	91	57	6	84	28	57	90	112	23	6	112	21	36	26	14
99	44	50	88	82	76	53	22	26	75	93	74	94	92	88	106	117	35	60	13	109	46	74	60	62	42	50	0	41	6	46	108	11	86	38	63	113	100	19	45	64	37	70	42	100	15	46	42	49	94
114	114	112	48	108	58	108	120	65	26	53	61	5	41	26	15	6	24	19	117	49	58	15	76	28	55	57	5	0	63	8	1	123	86	40	21	17	31	15	118	2	14	86	28	116	44	27	65	90	81
27	17	110	35	106	50	75	94	30	37	73	47	42	107	98	26	21	8	40	46	27	124	44	69	58	85	72	25	39	0	97	82	98	30	124	89	12	35	121	93	49	36	1	75	3	95	100	100	83	98
25	51	53	11	59	88	47	69	89	49	34	66	57	73	84	100	41	97	53	15	84	66	57	67	30	85	39	9	51	29	0	106	53	80	17	115	87	7	103	22	42	25	14	15	116	87	89	17	43	23
86	27	52	64	57	41	42	73	24	119	18	115	94	12	28	116	60	90	79	77	59	81	77	119	29	12	88	48	90	69	22	0	7	40	89	104	91	6	61	53	75	33	59	124	40	74	42	23	5	88
122	18	31	53	68	72	95	1	50	26	10	106	112	66	112	101	65	86	94	104	61	115	99	98	28	99	35	58	10	29	48	43	0	27	14	28	59	88	96	44	59	7	113	6	102	89	62	16	71	67
116	27	47	119	43	76	53	50	103	21	77	51	20	107	23	30	7	5	53	8	23	52	53	112	52	34	109	17	12	74	35	3	19	0	119	29	74	75	59	76	1	68	7	101	123	83	99	35	28	18
47	13	73	19	72	53	78	64	53	100	106	23	76	109	67	73	3	122	24	124	92	67	109	65	91	40	8	41	123	119	81	21	17	45	0	46	52	54	100	91	11	112	108	18	70	117	69	122	13	81
29	75	26	91	21	87	60	83	114	57	77	85	99	41	73	50	4	69	16	66	79	68	23	95	108	110	112	102	99	73	28	36	73	97	40	0	88	26	119	36	8	115	69	113	70	81	51	60	60	1
47	99	44	99	30	122	102	15	62	92	112	42	113	13	74	84	91	100	112	21	122	117	100	20	42	57	98	81	44	71	109	20	18	42	45	112	0	98	100	68	56	124	68	40	22	103	66	52	19	70
64	61	37	115	73	59	119	46	49	118	22	119	28	37	50	30	7	119	42	4	15	18	25	123	82	81	71	70	117	101	82	55	88	74	76	96	63	0	47	20	95	95	14	108	45	56	80	79	16	82
62	33	74	66	63	29	79	37	116	9	81	53	6	111	78	2	37	113	41	16	63	18	31	61	97	81	1	111	4	101	43	28	36	74	119	97	29	114	0	85	75	79	59	119	85	71	66	56	60	80
90	29	1	71	98	13	49	114	88	85	105	96	109	66	29	73	2	53	94	79	19	58	71	89	103	85	11	9	36	39	66	76	49	119	108	120	61	25	23	0	117	61	62	29	49	98	45	68	77	122
16	61	88	42	110	14	68	60	44	79	49	109	89	119	18	124	98	67	99	22	121	56	88	86	110	78	75	65	78	53	68	88	3	17	20	50	54	2	122	2	0	101	119	78	6	27	123	19	47	105
3	110	32	57	87	68	38	78	29	42	12	22	66	61	22	111	2	52	96	20	120	40	38	32	43	6	68	57	26	57	19	12	54	93	85	30	36	28	72	100	112	0	88	62	118	110	65	17	45	70
73	51	88	68	39	58	23	88	15	18	21	74	110	87	37	6	73	115	65	63	121	1	105	17	8	95	118	116	84	13	107	46	61	97	38	28	19	111	54	76	67	78	0	17	66	22	22	9	34	41
119	5	63	60	47	62	6	115	117	33	61	116	43	84	22	80	108	91	43	63	31	21	33	23	98	32	98	5	61	105	82	75	32	17	42	108	90	105	53	5	10	9	95	0	28	114	110	105	34	21
47	19	60	56	110	62	19	57	58	64	17	39	110	111	91	106	90	118	90	45	37	84	42	33	76	45	55	79	54	48	39	88	24	99	79	86	51	100	90	57	102	33	10	11	0	36	100	93	31	36
21	11	106	73	105	119	71	26	35	52	7	9	118	49	2	86	38	123	53	110	38	49	79	52	121	55	4	120	47	47	62	114	89	57	6	96	80	33	15	33	111	118	67	47	104	0	104	16	1	73
2	47	99	95	108	107	56	121	92	14	83	88	8	18	30	27	96	4	32	49	98	3	32	122	97	23	96	58	87	76	101	57	78	65	117	72	6	1	24	121	55	9	120	8	116	34	0	61	21	55
24	94	10	37	52	92	89	77	108	61	52	88	68	46	77	26	16	57	101	3	121	123	13	121	52	33	103	105	56	59	120	38	18	39	39	91	57	45	79	14	28	74	51	38	66	66	82	0	73	87
100	17	15	82	33	105	90	52	100	67	42	98	71	112	83	100	39	43	33	39	102	87	107	82	122	36	81	83	88	8	5	3	97	110	103	1	65	12	3	14	79	107	81	113	93	18	37	42	0	56
10	30	20	115	30	53	43	48	6	73	72	113	24	38	19	62	3	109	117	43	18	19	38	81	78	93	117	66	95	49	21	95	7	30	26	67	123	41	27	43	104	82	51	88	40	70	49	50	20	0
M1
0	22	53	49	81	43	69	70	98	34	65	5	89	79	124	76	56	4	82	75	8	3	121	32	114	17	102	32	74	58	41	34	68	105	55	49	86	100	26	115	53	74	103	121	106	16	98	85	10	71
94	0	20	120	116	10	39	89	121	122	37	8	13	100	27	9	26	119	22	88	83	45	12	99	96	67	75	114	56	95	124	50	5	91	38	74	54	95	70	97	104	71	17	82	2	117	81	32	98	124
78	70	0	4	108	36	33	70	105	97	66	77	53	112	66	102	107	27	31	104	5	107	101	10	99	83	25	27	12	42	36	40	71	90	59	119	47	65	45	55	57	116	27	14	66	8	24	61	52	20
76	54	82	0	112	82	97	48	44	51	18	116	47	119	91	88	64	9	55	34	82	91	71	76	9	48	107	13	61	96	104	86	60	92	56	19	26	37	89	70	30	112	89	43	22	92	20	59	16	47
55	89	48	23	0	102	4	96	42	32	53	62	38	104	123	73	13	9	101	17	104	44	10	119	19	37	63	59	88	117	114	95	98	108	80	26	82	98	123	26	34	16	9	95	54	85	79	122	68	54
88	106	67	107	25	0	88	71	85	108	44	76	76	17	89	15	73	92	59	29	91	32	15	33	94	106	32	59	97	121	30	41	77	82	45	102	18	88	34	52	19	16	25	100	115	27	42	68	52	59
44	17	80	14	103	37	0	112	107	38	46	88	45	124	9	85	32	63	26	95	112	124	108	53	31	94	40	103	35	10	80	15	7	104	89	26	47	28	28	93	55	67	87	34	21	1	100	77	106	117
49	3	74	104	123	82	60	0	9	100	58	56	57	49	53	60	94	60	101	44	97	100	117	28	115	86	60	96	7	117	46	73	20	24	113	13	37	90	62	40	65	70	25	109	8	18	2	64	94	11
69	111	71	85	74	12	97	27	0	66	72	6	35	106	41	60	71	14	36	58	113	2	66	104	64	72	88	72	82	63	84	41	38	28	42	26	49	32	24	89	97	104	2	115	4	112	93	6	79	3
62	3	36	91	18	5	31	46	16	0	93	9	60	30	97	8	40	70	112	46	116	116	86	65	1	63	94	96	43	32	103	79	94	76	28	59	80	59	64	122	65	42	52	113	60	33	32	53	6	117
57	115	12	1	123	30	106	62	80	60	0	117	5	78	117	14	2	109	121	23	8	117	71	28	65	60	14	124	72	88	74	38	47	29	33	81	45	27	45	50	58	98	65	49	6	11	12	73	76	51
26	31	94	45	64	103	114	116	121	59	93	0	116	115	87	35	21	60	120	25	39	118	107	110	59	82	48	1	81	95	49	104	98	56	22	80	14	119	114	95	105	26	37	17	70	112	69	73	98	73
107	1	69	89	84	31	7	6	66	48	76	92	0	56	76	73	112	95	12	110	83	33	38	44	113	101	106	6	19	109	91	25	54	76	66	65	1	56	10	118	27	50	55	11	122	46	50	116	78	33
90	86	10	104	102	85	70	41	97	81	55	47	85	0	9	101	117	96	19	103	4	110	86	13	67	23	2	72	58	22	69	75	47	53	107	30	104	74	17	5	13	70	62	85	60	115	83	46	5	2
85	99	56	28	106	3	50	49	21	94	95	51	93	83	0	34	46	8	108	79	114	10	76	41	76	64	115	40	54	103	83	66	98	88	24	116	80	13	86	55	76	18	110	124	13	47	73	67	120	36
36	102	15	122	116	23	14	58	44	88	90	119	18	62	113	0	15	114	115	91	25	27	6	19	46	60	72	97	113	123	32	113	107	62	24	65	47	7	96	124	117	38	22	103	7	17	62	56	21	68
10	9	118	10	67	12	13	24	81	58	46	50	116	20	53	15	0	92	59	108	51	20	122	45	31	120	33	85	107	63	92	51	32	29	33	34	21	29	34	54	100	6	88	45	31	67	116	121	51	83
43	20	104	46	67	121	99	1	14	123	54	121	49	92	110	54	116	0	16	94	45	37	32	32	37	71	9	103	62	88	99	35	45	63	2	68	46	113	106	88	116	114	88	107	99	34	46	113	116	89
74	65	16	68	40	78	81	78	34	44	85	31	66	34	54	44	34	19	0	12	13	112	108	13	97	17	5	42	64	107	56	24	33	98	62	85	19	24	14	6	122	38	114	54	71	19	72	87	38	108
81	52	109	106	39	68	37	19	93	48	64	10	32	107	31	117	19	17	2	0	34	11	16	29	11	60	64	118	115	2	19	96	100	55	22	97	34	27	2	74	29	84	27	117	29	91	101	44	42	38
68	101	97	4	32	63	15	117	21	116	62	8	3	26	20	37	19	15	67	111	0	120	36	50	47	65	90	107	113	13	33	43	24	115	122	95	73	59	55	60	5	10	44	99	102	89	9	11	50	10
118	108	100	68	68	34	40	60	9	101	58	1	89	52	53	30	90	15	66	67	26	0	103	55	50	34	13	6	106	102	104	38	82	14	40	67	77	2	7	106	88	53	35	91	123	53	9	3	50	123
66	97	114	58	49	85	88	5	3	15	32	119	89	121	66	26	93	105	92	110	64	26	0	34	67	97	81	91	18	115	47	36	66	69	48	95	50	123	27	8	33	59	9	118	121	16	93	36	74	107
73	23	105	124	64	87	48	21	104	13	78	82	35	90	104	68	69	117	89	1	42	119	104	0	91	72	22	50	66	44	62	52	24	99	113	14	55	99	120	30	75	66	23	83	4	114	60	21	88	77
5	80	51	36	44	110	47	119	44	96	60	116	81	69	11	77	73	50	43	120	62	77	74	75	0	33	5	110	105	37	70	6	8	38	112	92	20	81	102	41	18	14	79	76	123	25	85	92	46	73
121	99	102	23	39	120	73	103	69	16	5	105	101	52	63	89	93	17	119	89	40	102	92	38	68	0	78	55	71	27	20	59	124	71	58	8	44	48	109	79	71	6	94	106	97	59	62	87	120	117
36	70	106	40	54	122	120	13	38	72	15	45	23	65	73	58	73	33	100	18	102	70	46	43	107	2	0	84	108	99	70	53	96	61	95	103	3	9	91	43	112	64	11	20	9	61	29	105	57	122
112	96	24	75	101	42	40	71	84	11	13	80	15	23	5	73	27	108	113	117	65	109	68	25	7	120	9	0	72	58	119	106	6	42	119	47	46	57	95	103	17	43	63	3	26	70	3	5	3	60
80	88	77	61	28	83	46	117	95	106	94	29	100	57	95	104	63	102	73	29	19	94	105	118	47	32	57	27	0	55	76	101	3	34	52	122	56	30	113	16	76	90	82	25	82	123	76	84	66	2
112	7	63	26	2	13	97	14	23	29	66	77	13	68	20	42	39	31	102	121	117	81	40	121	66	109	7	99	22	0	115	57	69	34	112	34	105	64	45	69	7	120	22	16	58	45	49	18	109	115
118	85	87	54	24	88	75	31	75	102	29	63	28	69	77	106	72	24	22	25	21	43	66	66	93	93	72	95	14	11	0	46	6	119	95	107	9	9	99	80	44	1	66	124	62	105	79	22	102	109
69	63	1	17	78	98	68	33	33	32	27	3	1	93	93	58	51	18	71	89	3	10	22	71	112	62	67	84	49	79	78	0	111	34	44	112	121	34	6	60	105	89	63	13	4	99	52	45	1	78
50	80	75	24	107	100	71	95	104	67	18	56	108	121	10	116	56	109	57	68	59	67	57	34	5	45	77	33	26	60	54	7	0	90	5	37	64	109	9	18	14	103	117	35	35	25	106	24	91	89
113	54	12	25	88	110	28	34	53	107	10	52	119	114	121	46	63	55	71	121	75	30	9	123	85	85	33	49	62	41	66	34	4	0	104	118	36	91	92	5	39	31	47	103	100	116	121	38	102	101
95	45	119	97	78	113	65	29	67	83	85	54	114	100	56	32	86	68	95	16	59	36	123	36	51	121	71	99	54	75	96	93	9	32	0	73	93	114	5	46	68	74	83	93	52	88	88	98	78	9
88	77	21	43	89	101	68	91	108	46	25	59	9	12	14	28	3	70	52	68	2	17	18	23	38	89	62	96	124	4	27	18	80	97	113	0	57	24	2	63	91	95	40	8	73	70	110	89	24	101
67	58	97	64	20	2	29	65	23	122	66	11	13	10	21	119	18	20	92	88	65	24	44	99	120	73	72	68	54	49	124	23	18	42	88	47	0	58	85	28	20	22	55	89	4	19	39	56	81	67
61	117	54	120	18	17	123	43	28	77	20	28	124	96	8	116	29	31	71	98	24	29	115	25	88	47	66	65	4	51	11	94	30	82	82	84	48	0	23	34	113	86	21	20	121	48	86	98	54	18
18	26	69	13	112	56	24	112	115	114	96	43	64	8	69	65	36	101	87	62	23	55	73	121	6	118	70	55	4	10	14	99	122	68	114	59	56	29	0	70	46	9	20	80	49	40	90	78	26	10
58	95	69	50	26	94	41	47	73	14	6	16	5	49	88	19	121	89	111	87	82	18	95	108	109	12	41	60	79	78	116	13	41	41	19	85	20	30	33	0	79	92	114	16	52	21	83	17	111	4
60	58	3	4	32	122	85	42	36	39	86	93	21	13	30	34	66	48	55	96	41	72	74	93	61	75	50	46	33	16	34	48	60	101	47	64	82	22	29	52	0	73	68	93	48	98	111	28	34	28
112	85	53	93	38	49	72	69	52	82	114	57	60	20	106	82	7	38	22	69	99	67	84	68	26	66	36	3	30	76	59	118	102	122	47	86	95	57	104	2	65	0	106	60	62	95	36	49	83	105
115	122	76	66	120	35	117	65	121	71	41	103	97	20	122	101	62	97	99	67	72	96	123	111	90	17	71	39	25	12	108	45	115	97	118	42	26	6	92	90	15	91	0	15	18	115	91	34	5	120
85	20	59	105	34	101	64	10	40	103	28	32	26	40	32	73	37	16	56	34	55	15	7	8	85	95	51	13	94	60	25	86	2	41	84	87	108	1	49	101	111	45	46	0	84	13	98	93	94	22
24	46	64	70	57	96	123	89	74	77	21	115	122	60	70	74	38	65	112	91	36	69	112	10	28	47	58	37	91	68	107	116	74	105	74	20	41	20	20	62	111	68	101	11	0	103	77	7	20	66
82	66	84	75	3	49	63	52	79	62	56	42	107	113	122	35	112	66	74	65	63	113	13	110	89	69	27	100	104	27	37	115	124	1	19	10	106	52	24	112	39	56	46	58	56	0	61	76	79	104
79	113	3	15	83	1	93	52	94	54	48	110	82	63	105	88	9	31	8	15	22	68	73	43	105	122	86	69	94	4	60	26	72	95	3	41	114	6	78	89	72	124	92	4	74	23	0	14	28	98
88	11	110	120	46	42	51	1	47	38	120	58	39	16	103	43	56	114	59	29	59	76	55	5	39	94	8	100	74	120	32	72	111	111	33	17	105	120	121	15	96	35	120	115	54	37	99	0	30	114
36	112	34	114	92	23	119	114	3	33	81	115	19	96	19	102	55	46	17	68	31	32	23	67	39	45	5	33	24	56	113	94	118	123	96	51	2	37	2	62	102	56	8	27	104	1	71	20	0	109
40	60	56	113	32	1	21	97	58	35	68	58	53	41	24	112	15	65	44	47	113	85	108	17	119	69	54	79	59	27	23	68	33	95	114	77	91	32	38	97	15	87	116	27	75	98	10	43	87	0
M2
0	52	70	92	112	36	1	84	78	27	50	79	115	100	105	2	46	84	87	1	24	51	93	13	83	117	119	1	16	115	116	85	18	53	28	119	115	122	1	103	102	91	108	45	50	47	89	6	99	118
116	0	82	115	97	50	32	123	25	6	103	52	85	113	68	111	72	117	104	52	90	14	86	50	43	56	100	26	37	2	74	93	53	19	13	123	63	43	55	57	34	65	20	19	43	97	91	48	2	84
17	68	0	40	89	9	95	110	81	50	111	33	74	103	53	2	35	104	26	68	96	69	122	66	73	112	35	66	122	33	11	114	100	71	34	51	43	59	102	93	110	6	37	38	120	15	8	88	78	38
19	87	5	0	26	120	113	43	54	2	21	72	45	61	70	10	101	38	55	82	14	123	115	55	10	64	96	32	5	109	70	112	110	22	73	79	88	42	116	96	71	104	66	36	56	9	40	82	61	17
88	59	111	26	0	122	63	36	113	42	32	45	18	90	25	118	50	83	23	10	68	88	95	73	61	27	57	20	45	75	10	20	1	40	90	54	116	7	18	117	13	3	47	9	15	52	124	96	87	26
56	4	69	113	11	0	25	122	18	10	40	109	117	33	46	115	28	64	7	16	106	42	91	123	20	85	43	12	118	23	79	90	40	43	122	104	99	50	76	73	70	97	120	21	113	67	72	85	24	8
97	34	86	116	102	90	0	51	109	71	46	85	2	90	110	117	115	8	48	26	31	54	105	7	104	40	97	23	78	30	102	101	93	41	47	53	85	101	92	96	38	42	31	11	19	26	45	104	46	12
88	68	11	95	70	65	21	0	105	38	64	76	91	81	66	9	16	119	65	28	96	89	71	118	53	11	86	80	25	11	73	2	76	102	100	30	18	102	27	39	21	39	88	124	50	30	72	86	39	4
1	10	27	77	56	54	105	26	0	14	115	95	98	77	42	104	35	71	115	69	117	85	59	17	53	84	82	66	55	8	49	90	20	60	83	14	81	48	2	98	123	5	103	115	114	23	117	89	16	120
34	56	68	102	60	100	32	50	110	0	47	106	109	15	110	50	18	38	110	39	86	75	81	101	29	71	82	91	43	73	110	116	92	35	90	61	106	102	53	55	116	41	16	106	96	116	7	41	94	23
51	44	124	93	6	7	68	95	110	29	0	2	20	85	98	22	105	92	113	41	75	56	79	52	6	118	72	38	7	20	5	82	50	2	99	33	79	96	18	113	50	60	24	115	86	20	36	22	92	36
27	15	72	67	63	8	61	117	116	110	104	0	106	18	96	116	60	113	98	11	105	62	40	110	35	18	79	46	8	69	23	82	79	8	54	19	69	92	21	62	20	73	90	96	60	95	74	82	6	31
23	71	59	70	107	124	10	48	66	63	104	28	0	32	20	61	48	99	45	69	3	12	36	77	121	110	62	13	68	26	41	49	79	49	25	10	98	86	113	75	124	103	68	81	54	123	87	2	47	10
109	102	11	37	60	36	37	30	98	59	79	34	76	0	82	18	87	90	34	81	6	22	68	101	71	13	44	106	73	79	104	64	58	4	101	81	37	12	10	66	62	70	7	89	1	5	56	14	87	65
110	79	31	94	70	52	79	111	63	83	102	25	2	63	0	59	96	26	58	87	64	107	49	25	109	124	120	30	7	100	20	40	79	117	32	86	124	29	24	90	101	46	70	6	65	10	45	117	88	110
37	24	67	59	48	88	116	23	11	43	121	29	21	104	91	0	83	2	104	79	16	32	45	108	114	94	24	78	1	42	6	10	115	113	67	44	85	97	27	9	21	39	38	3	84	34	102	16	62	58
30	98	92	64	112	29	101	121	94	53	28	119	37	94	75	13	0	71	64	27	74	93	94	29	45	82	37	68	110	25	95	8	18	67	122	66	78	66	23	55	56	104	88	77	1	64	35	52	86	26
124	96	79	18	78	43	61	66	99	87	83	26	30	25	77	53	15	0	113	2	33	23	108	118	11	23	65	68	107	99	7	61	56	18	120	57	11	53	23	58	78	52	57	72	52	97	120	60	86	62
29	109	118	100	109	93	94	53	90	112	102	15	51	43	46	88	51	47	0	10	9	17	70	28	115	72	101	91	34	73	40	25	101	103	21	30	95	118	78	81	112	59	82	26	86	71	13	14	101	79
63	56	74	35	73	23	124	35	104	47	28	64	94	111	16	120	77	81	115	0	34	112	24	123	57	83	20	74	104	81	113	123	18	85	47	23	51	104	117	25	30	49	114	99	51	51	97	115	107	89
61	38	91	47	41	116	104	7	19	69	90	107	9	19	47	68	104	20	1	20	0	64	120	73	60	28	96	14	116	121	8	87	89	115	3	115	50	79	111	25	24	122	117	115	79	123	76	93	59	81
122	34	109	61	80	111	46	64	75	86	121	79	98	74	80	116	48	18	102	29	110	0	76	93	97	95	44	112	15	6	75	77	57	33	13	108	6	58	24	73	41	44	50	28	3	92	80	35	41	100
48	1	104	105	71	77	123	82	14	73	1	70	33	113	93	92	12	62	116	68	120	117	0	67	93	88	45	58	120	109	22	92	105	45	104	92	74	6	124	50	114	66	79	34	78	121	3	100	38	69
82	58	114	19	61	42	17	34	13	48	108	36	81	79	27	58	88	99	104	56	41	15	59	0	15	3	76	13	120	52	96	122	60	94	70	58	18	70	31	66	120	21	32	34	100	99	39	96	100	67
57	21	81	40	74	111	74	90	100	33	50	39	75	116	74	88	88	122	98	94	16	70	107	36	0	80	48	42	57	112	60	25	94	93	10	120	120	73	49	111	92	88	94	50	84	11	59	38	119	119
21	47	116	20	64	30	28	25	98	90	31	42	61	19	39	34	119	22	61	23	100	16	9	32	75	0	5	33	103	6	90	57	118	72	83	28	105	38	72	92	80	59	96	68	51	8	111	82	25	8
63	52	102	80	79	93	56	32	42	74	36	31	83	85	112	87	107	2	3	62	69	78	96	103	30	63	0	90	74	41	96	36	69	78	65	31	3	119	103	48	65	36	117	89	99	82	75	77	108	75
120	108	37	7	85	58	75	102	4	88	81	12	19	110	62	85	103	67	90	102	44	29	78	103	43	29	70	0	116	90	59	43	3	124	107	66	21	90	85	119	23	100	78	115	63	100	111	103	31	82
12	20	21	50	30	20	103	78	93	71	50	8	52	33	82	38	103	88	24	73	57	55	117	34	73	29	75	31	0	100	46	47	73	83	47	17	8	89	14	18	45	3	119	89	19	121	81	69	42	115
115	75	14	111	124	82	79	60	69	15	65	86	107	69	55	39	10	10	55	9	110	69	109	80	3	24	4	32	53	0	20	102	78	120	15	20	25	118	107	108	10	124	59	23	25	113	91	41	53	74
68	83	98	29	102	37	2	24	109	34	119	50	50	92	92	29	79	77	78	3	3	89	118	102	103	38	69	2	37	77	0	90	112	36	108	53	41	78	60	48	6	63	117	41	34	82	43	48	95	31
47	67	40	69	85	61	51	1	58	71	72	13	118	32	76	32	25	77	91	80	10	101	36	66	81	29	79	94	19	6	31	0	34	44	43	43	106	6	117	38	70	96	77	110	58	27	49	122	77	102
9	48	57	61	26	98	11	61	9	119	122	117	62	3	26	57	69	123	30	103	45	23	92	104	82	14	17	73	105	115	90	116	0	74	78	80	110	35	66	4	12	106	78	7	96	108	5	97	81	93
67	1	105	79	106	62	99	29	40	41	61	80	119	18	89	5	23	88	25	73	81	115	76	20	112	23	119	74	114	112	108	74	83	0	49	82	59	35	61	38	57	59	87	78	19	34	81	50	46	22
15	16	63	53	1	84	17	116	123	9	57	112	86	12	102	53	72	76	54	68	9	64	4	53	47	118	7	84	26	26	75	13	36	19	0	31	35	31	60	65	96	73	119	70	109	59	40	30	35	90
98	109	112	37	14	27	113	115	88	47	80	124	47	105	108	73	60	106	95	38	87	79	42	63	91	42	48	95	68	94	9	115	8	2	89	0	116	36	109	69	47	47	56	33	49	24	35	96	43	17
23	71	69	68	44	58	93	95	68	73	38	98	42	4	28	9	108	64	57	94	54	109	24	90	119	35	120	113	22	60	104	108	115	69	6	90	0	19	109	97	88	33	38	3	11	5	98	78	24	36
118	4	92	111	37	39	96	112	10	64	103	107	9	38	27	76	84	71	60	10	21	62	59	114	121	7	61	121	45	12	76	121	103	65	123	105	14	0	16	101	75	85	2	33	95	2	113	58	72	9
74	71	94	104	33	27	30	87	91	8	45	20	67	29	54	11	65	94	56	64	57	51	91	93	83	66	46	18	101	84	2	123	37	30	48	34	111	49	0	39	27	75	111	60	120	102	95	124	100	38
101	57	73	75	46	32	73	106	120	32	89	11	84	114	105	69	36	92	93	81	87	67	110	51	9	88	123	94	83	106	25	105	56	21	38	38	99	63	16	0	22	117	9	45	97	8	15	20	119	124
24	56	31	13	78	91	13	88	57	99	15	20	122	80	104	59	62	65	94	4	15	121	54	101	69	13	111	23	36	79	98	24	84	52	108	106	82	52	103	117	0	34	45	78	28	27	79	83	25	114
1	75	86	8	43	77	121	63	45	47	21	114	11	6	24	87	76	16	55	124	27	117	113	92	5	119	79	27	101	53	58	60	50	119	84	79	13	119	102	101	116	0	16	113	38	59	52	106	46	108
15	79	45	11	1	96	67	73	93	111	56	120	114	78	102	30	45	16	58	93	104	97	55	2	124	6	77	113	37	64	42	115	44	59	99	73	96	89	52	18	71	38	0	29	3	78	69	18	118	104
58	63	56	110	35	54	26	101	2	102	78	99	9	107	49	103	32	83	119	26	114	26	30	120	113	88	6	95	76	30	105	104	45	5	121	113	95	112	59	40	123	89	4	0	88	111	97	99	123	67
84	4	59	73	102	99	52	65	105	29	29	89	59	17	34	95	84	94	115	88	8	23	29	116	117	78	67	113	60	67	88	20	104	41	118	119	30	16	46	92	53	117	79	34	0	99	114	65	112	44
109	20	73	22	13	29	68	117	12	63	65	119	112	43	26	63	121	26	32	68	118	28	113	9	81	36	27	91	24	49	29	43	4	4	112	75	46	116	40	2	30	63	85	96	9	0	85	6	46	93
2	91	108	42	40	18	31	124	26	122	46	102	22	64	30	71	21	19	97	67	113	63	33	1	22	104	8	17	122	37	54	11	44	84	53	98	119	39	28	92	14	68	49	73	72	93	0	120	62	51
109	27	65	85	15	80	61	102	119	69	7	118	108	5	5	50	44	67	22	50	10	13	99	51	46	9	18	99	28	95	54	97	76	61	82	93	115	115	113	58	65	66	84	91	112	105	38	0	69	8
70	96	106	106	103	26	29	57	28	7	57	57	29	81	64	114	36	81	66	60	86	80	103	66	108	94	117	103	105	30	49	17	120	28	58	99	21	21	51	39	34	93	80	35	32	9	8	47	0	43
75	52	11	49	25	44	63	4	115	81	43	45	101	88	112	35	72	46	108	86	2	57	118	26	70	112	93	11	29	7	70	60	2	93	104	33	29	19	60	5	90	45	48	7	81	63	87	15	36	0
M3
0	76	97	104	26	78	114	74	90	27	26	35	44	43	12	75	94	102	68	50	65	10	123	63	70	6	24	110	4	120	111	22	21	29	123	105	46	105	34	74	43	5	33	92	30	123	72	86	13	109
105	0	88	2	81	14	76	93	17	30	22	104	62	108	27	55	23	93	99	31	93	72	114	53	33	96	84	49	28	83	99	91	16	13	115	97	16	51	16	60	62	35	68	79	88	2	11	89	51	8
73	91	0	85	115	108	108	31	109	79	113	64	1	9	87	88	55	78	4	55	122	50	106	58	42	120	75	50	93	89	1	97	86	118	108	87	113	43	57	99	122	62	69	64	33	88	54	91	98	25
15	30	54	0	43	106	101	85	91	70	73	60	13	85	16	24	56	102	66	81	98	107	21	93	58	91	12	16	3	98	32	99	109	68	110	112	57	43	98	109	56	123	60	83	42	68	31	106	59	112
80	97	31	82	0	9	14	9	58	39	36	45	122	37	113	88	117	51	3	103	12	8	91	9	123	61	95	70	95	107	93	30	72	23	56	43	38	83	32	23	56	54	57	24	79	102	40	71	10	73
117	13	94	98	41	0	108	38	31	29	4	110	84	87	97	55	2	41	33	18	71	82	122	123	116	48	5	94	92	1	22	110	107	43	64	108	69	1	57	42	71	71	7	110	41	41	122	29	86	72
97	53	108	6	123	7	0	61	99	61	93	116	86	7	51	51	51	109	108	52	47	93	14	60	35	3	13	52	122	68	102	60	113	30	33	9	51	6	29	120	57	31	50	27	109	72	105	12	105	73
10	107	40	3	37	26	110	0	51	33	62	99	123	29	44	66	73	85	20	124	41	97	58	20	8	110	46	103	117	68	59	107	75	90	106	122	105	26	24	113	96	62	9	83	83	78	121	21	40	75
70	45	42	71	31	84	97	97	0	17	71	19	122	103	25	59	112	99	95	19	98	7	113	91	41	74	33	97	37	89	8	65	102	21	33	112	16	101	103	39	6	22	112	9	97	17	15	40	76	68
42	21	80	81	56	123	81	60	124	0	42	85	82	120	106	3	38	97	22	77	105	55	82	5	19	47	46	86	9	45	107	92	53	82	60	124	1	14	43	96	11	10	21	46	73	20	70	100	95	29
81	104	31	43	111	62	79	41	70	77	0	2	29	45	9	23	113	122	90	47	62	81	48	92	57	118	10	121	53	59	78	98	24	18	29	13	50	21	69	22	106	120	76	7	64	84	33	7	72	112
43	26	28	106	69	87	107	22	84	1	10	0	121	107	10	66	98	111	89	59	87	92	34	98	94	105	120	64	32	110	88	49	98	1	18	113	119	94	25	97	23	20	73	116	6	95	97	44	7	67
74	58	101	120	46	97	114	80	32	10	14	47	0	33	45	67	64	5	25	10	106	51	58	14	84	36	40	30	59	61	7	93	68	54	32	111	66	109	25	34	59	13	67	104	12	38	92	45	37	119
95	48	12	57	117	118	62	52	12	85	4	34	35	0	122	113	19	98	49	17	18	26	57	116	52	94	74	32	107	9	98	54	20	34	16	16	53	124	63	9	120	78	13	45	79	118	28	35	106	121
107	109	60	91	118	97	98	13	18	122	52	19	87	80	0	12	51	79	121	44	23	53	117	80	99	96	34	66	30	32	117	107	96	114	27	19	55	8	110	66	60	101	37	114	6	36	35	56	111	40
8	29	102	20	102	106	1	70	61	47	74	23	104	85	19	0	33	4	47	100	113	35	79	35	62	13	92	10	9	43	10	54	84	25	124	123	2	70	87	21	114	75	6	92	56	65	6	10	84	72
39	3	57	18	103	54	85	23	91	106	113	60	8	97	33	75	0	67	67	14	18	123	88	108	13	106	80	101	26	108	70	1	64	11	11	61	95	63	47	55	28	25	29	122	120	83	86	90	106	89
11	50	87	31	71	124	46	71	69	47	93	36	76	23	107	96	92	0	78	74	99	7	51	100	111	41	99	90	48	114	98	117	41	1	81	61	85	27	63	83	54	121	70	79	78	31	29	8	50	63
38	30	64	118	99	49	1	68	24	38	110	32	30	30	16	57	60	117	0	27	78	17	21	15	86	15	1	53	65	29	117	118	81	100	51	23	5	51	43	25	68	42	115	8	64	121	66	102	43	40
72	59	37	28	113	94	91	16	77	51	61	43	87	44	28	26	122	3	101	0	76	112	73	31	90	52	1	61	117	118	8	42	54	15	98	28	86	106	116	52	124	111	66	28	103	118	63	5	57	120
120	38	46	26	90	104	21	34	124	4	22	7	60	111	114	46	22	116	3	101	0	86	38	57	110	115	101	124	85	29	83	38	64	79	4	25	36	78	95	102	75	67	121	98	97	78	27	85	39	47
59	37	64	65	30	73	36	117	45	32	34	42	57	41	114	47	7	28	7	97	95	0	21	24	40	24	121	58	4	35	59	8	102	49	18	73	47	41	94	54	16	124	11	63	70	64	118	75	28	114
15	41	11	102	1	53	32	69	124	102	21	103	109	108	82	95	100	65	80	117	88	37	0	29	105	7	67	77	87	49	20	114	89	19	100	115	22	59	44	54	120	27	118	56	44	36	16	90	20	10
89	22	87	59	62	28	9	96	116	18	83	92	36	112	4	21	10	17	44	5	84	22	41	0	5	46	34	18	118	46	70	87	44	57	36	65	54	37	31	104	122	78	93	102	109	105	40	121	74	77
123	16	60	87	121	71	121	120	119	28	113	34	54	123	72	115	90	69	36	72	83	40	56	120	0	123	40	67	102	3	22	52	100	29	70	115	51	70	79	76	2	99	50	7	81	33	21	38	23	89
31	11	112	7	91	9	84	48	13	33	45	70	96	28	113	5	120	101	51	105	59	75	24	3	31	0	15	57	91	110	79	24	113	36	22	52	21	34	96	109	49	108	55	92	26	53	21	9	7	114
115	117	117	8	85	70	103	12	78	98	24	37	35	99	53	79	30	120	122	23	75	8	55	12	35	46	0	111	37	121	42	46	32	46	112	22	48	84	73	45	5	119	110	86	11	62	92	104	66	39
124	84	88	80	19	111	1	101	100	38	11	121	80	68	13	70	101	10	57	59	12	90	118	39	15	1	56	0	18	81	22	56	90	77	78	14	12	53	10	75	113	94	99	122	5	101	71	103	33	107
47	35	6	41	119	56	90	3	75	12	81	6	112	22	20	71	51	82	26	70	34	80	31	7	55	89	80	70	0	111	10	72	104	124	113	56	114	9	117	5	30	80	32	3	42	120	88	76	28	100
81	41	79	88	82	46	84	2	64	104	63	54	94	113	26	10	48	100	109	4	73	119	72	2	82	106	104	91	45	0	51	76	101	50	109	14	70	118	76	92	122	17	30	17	68	6	124	8	119	96
39	76	91	40	121	121	35	72	36	89	6	84	26	50	75	28	42	104	122	71	20	65	65	103	8	103	6	47	114	17	0	22	19	34	114	5	102	56	64	90	98	11	10	25	60	1	109	74	58	36
7	7	43	1	50	65	49	9	109	24	57	9	98	60	77	5	122	97	69	67	51	42	70	70	110	115	107	14	1	45	60	0	48	50	101	109	123	117	70	15	79	55	88	32	24	7	102	38	7	49
90	92	30	4	98	89	75	1	53	21	20	44	88	80	44	112	33	63	96	100	116	101	86	73	95	2	40	72	42	39	104	15	0	72	48	48	110	60	71	87	25	44	4	16	20	80	41	1	120	45
47	106	103	78	100	93	33	123	28	106	82	49	101	122	63	5	28	78	75	63	118	112	12	100	40	39	35	46	118	28	50	124	44	0	66	121	42	118	113	38	58	83	63	29	68	117	22	40	90	98
55	122	81	27	105	31	42	25	42	28	37	114	121	51	4	14	120	43	56	74	103	56	88	46	38	109	69	110	19	87	27	46	19	116	0	52	30	90	9	119	10	20	19	4	83	37	71	34	7	17
23	10	77	97	40	90	77	78	100	47	104	94	21	7	2	109	66	2	49	43	110	16	79	8	103	48	81	39	107	61	47	103	109	3	51	0	71	52	116	124	21	109	23	1	111	82	91	67	74	122
41	72	8	113	94	102	81	87	48	42	28	82	48	4	84	118	97	109	76	20	29	41	118	74	42	75	69	60	84	66	13	78	123	27	103	28	0	27	105	108	103	32	25	38	89	79	91	18	9	71
55	110	103	120	88	41	12	53	109	99	42	37	42	2	119	37	28	21	103	42	24	123	115	51	91	113	22	107	119	65	6	38	5	120	77	117	61	0	123	20	27	10	96	41	116	9	98	74	33	7
21	75	47	75	74	43	60	56	59	73	79	119	114	102	74	15	121	74	49	39	116	26	85	60	88	115	110	77	86	40	76	83	65	39	9	11	77	9	0	37	109	63	110	61	93	34	62	94	82	80
91	4	8	62	38	2	45	111	3	51	78	105	4	94	67	61	77	74	115	38	92	111	70	74	47	112	13	45	36	102	18	33	110	1	111	44	18	73	3	0	88	108	90	63	22	97	103	82	111	10
73	80	30	77	63	8	51	97	38	72	97	71	63	70	88	99	117	30	62	10	1	97	76	17	121	54	56	94	80	68	19	17	17	8	40	79	72	118	86	25	0	11	59	119	107	31	55	54	14	110
97	30	10	6	121	18	107	34	43	32	37	92	26	32	14	96	31	99	40	93	101	34	16	73	108	19	100	21	100	58	43	46	59	30	98	88	117	112	61	87	119	0	2	108	44	24	96	30	61	67
27	110	107	33	6	55	13	75	55	23	13	26	52	115	43	68	58	56	24	7	74	106	34	93	120	11	51	68	107	79	92	68	61	20	120	113	124	53	109	36	92	118	0	74	87	59	20	31	59	30
122	111	85	121	20	118	118	25	86	68	106	29	37	52	15	102	77	40	50	23	92	13	36	98	21	109	107	50	31	118	3	22	116	53	29	112	3	84	72	76	74	15	23	0	26	15	109	52	95	47
47	48	92	55	118	94	19	6	112	99	67	36	97	24	32	59	72	13	37	56	40	49	116	102	21	19	81	111	115	102	25	25	99	66	109	121	63	73	29	117	39	14	101	31	0	64	35	94	56	47
89	20	103	89	116	91	68	54	108	4	37	101	1	41	59	54	65	111	22	105	56	30	44	57	114	90	2	49	103	37	39	4	66	72	117	81	63	47	11	47	120	49	110	33	112	0	85	30	46	6
19	34	120	97	30	114	49	109	43	42	13	81	103	23	119	123	87	120	107	22	13	112	18	75	43	17	53	87	15	22	105	104	14	110	105	97	14	51	108	16	41	108	97	103	78	100	0	96	71	97
56	5	98	118	72	75	53	10	47	115	109	104	76	45	76	37	3	49	53	70	92	44	44	114	21	4	88	37	70	38	95	15	46	104	115	98	106	38	77	47	107	104	19	43	61	71	16	0	38	10
60	54	15	120	124	91	114	82	110	112	95	62	71	8	16	6	104	119	40	77	64	111	72	89	84	64	61	53	44	17	102	106	117	39	20	37	84	121	89	82	107	36	36	34	100	124	32	29	0	75
3	9	110	26	55	78	120	53	29	55	80	100	51	76	64	69	40	108	8	119	36	36	50	112	1	57	25	55	13	9	7	79	2	50	100	7	123	3	63	64	103	88	6	24	94	64	80	4	60	0
M4
0	33	93	14	53	22	122	52	57	23	29	13	115	24	2	49	73	61	85	52	99	105	19	103	12	15	18	1	121	55	25	10	76	26	120	14	77	63	50	33	41	89	119	81	4	41	4	36	23	45
120	0	48	76	95	74	86	10	103	12	117	111	49	66	39	31	46	60	80	80	122	67	94	68	78	77	13	124	34	49	84	121	105	28	90	87	3	51	113	15	40	88	110	43	55	48	43	90	31	25
9	96	0	110	23	82	41	101	11	90	54	109	100	110	117	76	23	115	106	54	10	89	98	51	54	117	24	92	111	87	17	24	19	62	101	9	124	25	17	62	108	117	117	10	41	22	99	21	89	22
48	50	119	0	101	118	30	44	50	38	64	73	110	42	43	66	87	10	121	67	5	88	31	17	53	20	113	54	96	4	103	100	45	14	112	39	42	90	36	23	96	71	10	46	43	118	88	82	22	48
76	33	38	7	0	117	82	2	91	57	124	107	113	94	76	10	46	60	35	112	60	42	38	93	110	101	68	61	46	12	123	14	10	71	64	73	53	98	112	96	38	112	32	69	54	115	50	76	124	35
111	69	110	65	89	0	32	22	23	103	83	92	20	17	51	3	5	64	112	46	42	115	119	71	62	107	118	52	19	77	121	48	1	12	100	105	37	8	50	46	92	36	24	123	45	105	82	74	94	49
92	84	55	55	5	26	0	71	103	9	48	9	102	106	49	118	85	78	68	56	78	61	51	11	51	40	100	2	124	23	85	6	19	5	51	39	103	84	116	66	74	114	84	18	88	83	54	121	47	52
54	10	44	6	35	117	8	0	34	78	31	77	120	85	102	88	24	113	59	9	92	58	108	121	52	46	84	17	64	52	65	96	6	28	79	100	98	117	8	62	26	84	2	109	91	67	70	105	6	95
96	101	38	67	19	21	60	38	0	97	11	26	97	78	44	105	110	109	23	81	49	40	46	33	117	13	11	111	83	41	32	111	104	48	41	80	113	3	95	118	14	52	86	33	56	109	63	72	84	112
44	93	82	79	89	62	20	16	85	0	69	4	95	63	60	31	104	68	30	44	25	93	77	20	44	27	112	112	57	63	60	12	17	99	52	94	4	121	118	106	67	33	68	12	11	8	2	50	118	3
96	80	60	63	32	74	25	8	4	14	0	16	62	28	115	40	80	24	91	73	119	75	37	74	69	48	106	11	37	20	118	111	120	16	74	94	100	69	43	49	99	36	70	27	69	118	25	69	83	100
79	59	109	47	67	50	53	36	98	19	54	0	2	101	21	26	49	1	121	98	23	9	25	12	123	34	80	74	29	29	29	36	25	69	116	43	21	49	110	111	25	115	27	78	18	23	72	31	106	91
21	2	94	27	88	99	21	94	111	58	15	73	0	11	68	64	71	37	43	101	53	99	13	92	99	103	111	71	64	37	24	3	74	57	51	104	124	104	108	69	8	5	111	14	14	23	19	13	98	120
33	14	122	91	43	31	56	11	20	94	66	98	102	0	71	59	3	40	117	48	41	52	74	91	91	61	17	111	115	54	63	41	51	108	100	21	11	7	94	56	84	29	78	27	107	65	53	31	18	57
68	16	95	89	52	105	25	93	75	40	3	45	60	42	0	24	43	74	107	14	100	1	107	108	101	70	102	81	45	84	100	20	116	11	89	68	17	108	123	30	10	45	3	65	69	123	118	118	28	16
87	108	39	56	36	63	61	48	108	76	1	78	8	62	30	0	115	54	113	28	62	33	29	94	89	110	100	33	22	44	50	58	2	11	32	54	28	104	2	93	46	17	68	99	99	116	82	35	51	39
113	80	67	35	19	120	54	12	71	50	51	89	42	51	102	24	0	124	19	23	17	47	119	33	83	70	86	111	46	29	42	102	20	55	28	119	22	64	96	88	9	107	62	32	31	77	96	6	117	81
76	110	40	23	47	32	98	15	39	104	41	109	9	48	66	27	114	0	51	74	57	16	28	64	3	91	60	19	26	84	21	7	73	11	72	7	73	21	121	10	121	111	92	96	40	69	39	96	96	101
30	88	83	111	11	48	95	114	7	83	15	78	73	123	2	123	28	62	0	41	46	65	46	31	41	116	87	48	29	92	122	61	19	65	24	52	99	107	114	10	65	20	5	58	67	86	120	121	110	60
43	88	114	56	98	45	19	117	14	120	120	95	3	71	39	1	30	69	58	0	73	74	41	79	20	66	53	85	100	1	42	59	90	100	77	78	93	87	9	67	62	4	4	121	54	65	5	101	22	70
64	54	91	23	23	2	80	52	33	93	25	106	97	73	2	73	66	29	108	94	0	59	35	64	60	79	111	95	110	93	39	24	49	38	13	28	89	80	4	50	122	40	100	13	6	104	26	16	115	61
40	91	107	122	106	19	66	112	92	87	33	49	76	115	58	62	96	56	58	5	88	0	50	68	1	39	88	109	106	56	67	71	16	50	86	24	42	42	91	28	5	113	20	73	60	81	120	5	34	80
31	1	3	88	105	54	103	16	18	51	1	73	53	99	79	107	69	22	75	57	99	82	0	42	26	124	70	44	63	72	110	46	99	112	19	73	42	17	121	43	61	63	57	37	1	83	47	99	121	74
66	25	76	13	116	19	103	6	78	22	51	93	38	12	25	20	123	6	67	105	66	28	5	0	104	79	70	32	106	76	121	114	66	28	103	98	72	19	114	43	8	3	119	88	21	11	45	89	27	109
4	111	98	59	22	98	16	35	58	2	32	39	12	91	65	61	71	82	49	55	22	90	97	91	0	64	114	28	70	79	13	89	53	65	79	120	24	4	21	42	65	61	15	110	99	86	49	27	103	99
64	111	119	62	40	107	64	62	85	1	70	121	2	96	66	102	77	73	10	82	120	44	31	120	64	0	53	115	105	89	84	2	28	37	79	107	72	112	117	109	49	96	39	55	1	121	115	42	67	45
6	70	4	49	7	14	3	40	35	6	28	56	54	9	110	71	48	39	20	75	76	16	64	16	79	7	0	119	52	24	32	80	1	121	8	23	4	28	67	81	95	67	6	11	26	59	38	20	70	12
64	10	118	49	39	124	100	23	100	74	82	3	121	52	43	21	6	31	106	81	88	79	32	1	37	31	64	0	30	35	92	17	116	84	30	109	97	30	100	2	107	72	37	112	44	55	58	100	81	120
51	29	3	72	77	37	25	89	17	94	77	102	80	96	35	1	78	85	28	63	92	12	34	98	1	31	66	107	0	90	55	81	38	119	115	4	106	8	71	39	91	88	29	119	4	29	78	87	94	40
10	13	56	51	67	91	45	31	85	48	90	58	123	73	70	29	11	35	4	30	110	34	34	68	17	7	32	23	59	0	120	22	57	20	97	24	35	122	31	94	15	13	24	95	36	97	12	31	85	30
45	43	34	22	85	98	97	66	20	18	63	92	8	67	32	51	68	77	77	22	68	114	37	32	83	124	13	100	123	110	0	101	42	98	102	13	67	109	31	16	49	120	71	67	59	22	15	2	88	82
46	68	6	5	42	6	101	1	86	22	88	39	3	27	85	6	28	63	25	107	19	111	71	80	87	118	49	84	29	16	40	0	41	106	122	79	105	124	25	41	104	49	10	94	37	26	68	124	71	15
9	67	45	60	117	101	99	119	91	102	21	22	4	112	88	31	86	16	101	51	21	30	30	113	89	106	49	4	70	48	93	99	0	29	7	102	94	91	94	61	5	25	95	54	37	33	62	114	63	34
107	56	74	117	110	94	39	41	71	29	9	10	42	114	42	31	51	44	2	36	116	30	109	1	103	58	117	56	68	3	42	18	39	0	124	11	12	60	47	117	60	11	83	116	1	91	46	74	24	48
100	99	28	95	1	89	16	36	58	58	34	110	6	25	68	10	49	118	96	18	69	49	9	30	93	31	40	105	44	20	122	114	88	21	0	91	68	28	4	110	5	104	31	62	90	119	43	70	115	34
94	87	110	23	67	38	63	90	80	11	43	9	53	45	11	38	87	70	62	95	72	111	79	23	87	122	84	85	97	12	93	121	72	23	74	0	77	64	91	2	6	95	53	35	84	63	110	12	67	62
10	86	118	46	15	33	39	26	80	93	12	35	109	70	69	4	13	7	83	90	30	62	47	37	70	14	34	40	120	37	8	20	22	15	71	86	0	107	93	28	26	60	40	5	46	58	70	94	27	115
117	72	103	3	47	72	114	97	82	114	67	101	25	26	102	47	81	107	11	90	69	17	18	73	23	37	44	30	7	4	98	84	104	8	94	77	84	0	90	40	58	21	77	74	60	54	6	14	93	6
62	48	84	98	59	59	14	64	75	38	54	62	66	109	123	23	37	89	110	9	8	27	7	29	44	86	107	95	41	24	118	119	79	81	120	26	106	83	0	38	107	80	8	10	61	14	19	6	42	111
20	3	110	10	44	9	110	4	97	81	16	64	92	26	117	107	29	27	25	11	26	58	24	10	27	7	95	43	99	77	66	114	102	66	11	56	57	17	64	0	66	77	48	70	95	116	43	52	28	93
44	98	26	75	124	105	62	16	7	25	60	62	8	112	111	86	32	34	5	38	113	113	83	85	55	35	117	60	92	89	27	9	79	81	56	47	46	69	56	117	0	76	101	62	59	39	58	100	4	48
84	117	83	22	31	27	31	124	77	77	74	46	7	101	43	80	12	29	7	17	56	55	68	11	95	8	56	108	16	10	45	52	22	54	42	95	14	115	43	11	6	0	9	3	97	66	49	121	37	10
26	24	115	6	116	76	82	45	68	82	101	88	75	60	21	39	124	15	73	56	57	94	69	24	33	124	11	20	104	78	105	23	25	45	55	32	42	68	42	4	4	109	0	102	109	87	56	100	29	41
105	80	77	59	7	9	101	110	37	1	100	56	32	106	81	32	17	58	45	1	70	121	45	36	45	15	29	22	72	101	93	41	44	1	46	67	69	18	101	38	25	100	33	0	124	8	28	44	77	15
108	9	34	76	29	10	100	113	67	31	32	57	1	37	10	62	103	103	27	45	15	30	77	62	44	25	87	64	23	100	91	114	72	55	48	53	76	4	95	102	59	35	81	117	0	66	121	109	18	43
65	123	41	17	32	76	64	10	22	29	43	36	21	32	21	78	120	73	59	54	29	8	114	112	72	63	19	105	61	30	23	107	46	39	9	26	26	96	8	124	78	89	70	53	28	0	5	63	14	61
6	5	106	103	36	67	47	38	52	59	94	28	108	65	94	83	74	122	17	68	36	62	88	113	90	54	100	52	18	75	24	33	111	15	106	12	92	66	3	61	56	69	49	22	82	9	0	62	14	23
27	71	109	9	83	47	31	37	60	119	102	101	15	17	116	26	65	31	57	50	33	70	6	12	39	25	124	92	95	79	99	48	87	122	118	88	119	95	96	115	64	96	20	66	95	34	67	0	3	97
83	60	123	77	34	101	41	114	120	121	52	69	97	25	59	13	85	80	63	32	22	60	66	75	53	98	119	28	1	60	42	28	73	110	113	124	4	60	70	104	100	5	26	51	79	23	81	110	0	99
123	59	121	67	36	64	8	57	88	119	30	103	74	11	117	36	62	32	38	34	81	83	96	19	93	104	38	121	1	12	34	35	19	39	3	41	123	89	61	89	68	75	68	39	10	20	95	113	40	0
M5
0	106	122	4	103	119	87	95	41	29	29	82	40	115	29	115	55	56	104	76	32	55	94	47	75	22	110	11	65	52	41	48	58	26	120	111	46	25	108	94	77	63	26	76	21	27	64	42	37	123
48	0	2	84	53	123	118	97	19	5	109	113	81	124	63	27	67	90	7	70	80	98	67	14	1	33	106	121	123	80	121	40	93	16	95	88	111	71	35	81	26	98	62	77	77	116	109	121	96	28
32	69	0	117	28	107	117	32	54	58	70	30	111	12	29	32	6	83	89	59	20	66	52	30	115	100	53	4	4	115	37	65	120	105	51	31	29	101	109	124	98	77	19	110	37	99	113	91	79	10
116	38	86	0	24	114	41	35	96	59	68	122	114	107	14	118	91	8	18	14	98	42	21	48	70	41	102	85	2	44	14	115	120	64	116	43	10	79	95	85	54	39	96	28	119	63	73	88	50	44
83	54	67	47	0	112	41	77	13	110	77	62	90	2	55	105	59	46	72	44	86	7	121	111	111	35	120	117	25	83	34	116	124	38	5	15	85	70	88	23	105	108	55	104	39	98	29	105	91	13
14	61	106	109	2	0	42	66	73	23	79	8	99	25	120	76	1	4	114	73	86	83	93	42	66	33	54	67	57	106	79	14	5	115	37	66	18	86	7	118	22	77	76	42	13	70	92	87	22	96
83	10	4	40	106	92	0	69	120	66	123	96	48	60	37	69	36	112	96	119	112	47	32	57	96	33	53	55	118	5	82	82	112	50	95	69	104	19	77	75	22	26	47	22	53	30	110	61	87	96
31	78	68	91	119	103	114	0	103	106	44	56	33	97	95	41	63	112	50	46	43	112	35	37	43	69	101	10	40	44	14	118	86	37	82	68	77	118	75	12	47	38	10	86	45	29	31	25	85	48
118	15	30	117	17	63	84	64	0	66	121	91	10	21	11	98	110	96	107	79	62	10	12	97	73	72	100	109	10	40	120	120	94	95	33	86	57	87	91	92	49	109	31	5	41	104	54	62	78	109
54	52	37	62	63	95	82	63	54	0	115	36	81	38	88	25	74	5	81	71	52	85	116	58	16	69	51	31	95	69	76	94	12	30	90	48	5	80	109	77	27	93	25	88	44	25	76	66	54	82
20	98	90	102	57	19	28	9	71	109	0	5	38	26	22	93	34	45	29	106	77	60	87	96	53	122	9	124	108	85	25	55	47	38	2	122	47	44	1	104	61	104	20	27	98	92	50	45	66	28
85	5	36	97	36	116	82	14	2	76	100	0	34	39	124	57	35	66	65	43	59	90	41	124	12	114	36	49	120	78	83	4	35	121	81	36	100	110	22	20	3	6	83	95	6	77	85	22	43	3
76	63	65	19	95	41	101	108	88	94	119	80	0	74	101	73	90	86	2	51	21	82	20	90	73	12	97	2	61	36	101	103	70	61	46	2	34	115	89	5	76	49	97	17	113	34	115	33	118	14
78	36	116	34	49	98	117	35	18	63	119	99	87	0	20	76	42	31	38	24	35	111	50	81	87	81	32	64	7	54	66	7	103	7	117	14	71	16	50	37	8	51	21	84	49	18	104	2	37	23
70	23	1	18	13	46	54	99	47	25	59	53	83	106	0	87	123	89	98	106	15	36	91	90	49	124	118	59	60	53	4	56	2	99	79	123	30	113	6	107	115	112	42	34	124	3	65	69	112	96
24	11	84	96	28	2	24	39	90	79	11	71	34	105	41	0	105	13	101	60	25	107	89	1	69	116	50	32	7	79	18	123	16	84	121	73	94	80	15	19	92	74	83	39	3	97	59	61	45	33
94	85	112	106	19	35	50	81	1	41	34	22	26	34	74	92	0	110	23	88	92	87	111	32	95	74	69	71	120	37	75	105	116	102	21	65	123	100	31	102	97	56	46	35	61	52	61	102	5	116
38	85	19	105	38	20	15	75	27	14	79	25	72	75	11	87	97	0	22	13	93	84	65	33	35	66	93	42	50	20	38	44	111	36	40	53	15	67	10	20	13	88	75	122	8	7	98	102	97	110
63	115	64	74	69	84	33	123	54	106	92	72	43	76	35	1	103	122	0	66	1	120	4	89	58	11	73	83	58	46	49	22	44	98	10	11	38	35	29	45	118	21	72	120	99	10	107	35	105	123
18	67	48	13	65	31	117	86	55	99	122	20	21	84	71	103	10	113	47	0	49	99	92	74	105	54	71	79	59	41	101	87	22	15	8	78	13	8	89	75	76	112	19	70	96	86	98	55	6	40
109	78	114	107	95	21	59	90	1	83	41	44	60	122	41	123	57	117	112	90	0	44	115	16	92	51	115	84	76	91	50	53	14	39	20	27	71	3	111	14	21	81	32	33	52	73	78	121	96	69
102	96	26	71	50	72	11	24	68	20	94	52	47	65	78	5	42	119	87	34	4	0	113	105	108	63	91	19	19	10	26	40	77	123	38	108	1	68	52	61	9	84	42	8	57	103	59	117	36	98
21	84	62	106	9	31	117	38	1	41	112	38	89	53	48	58	53	87	60	111	18	111	0	71	41	18	77	21	89	1	3	96	50	21	69	110	79	113	31	18	37	25	106	30	95	94	91	5	66	47
42	4	122	44	74	22	36	44	81	71	66	51	90	81	41	78	6	101	86	100	15	83	111	0	30	96	37	57	19	99	24	89	93	6	111	45	88	40	40	12	71	67	49	34	70	99	65	124	68	60
109	41	27	63	85	33	111	36	112	112	41	9	119	103	56	92	64	76	118	22	49	7	27	98	0	9	56	114	110	57	14	29	106	108	109	82	59	38	46	93	89	72	13	34	109	106	118	87	121	65
41	113	80	90	32	68	7	90	12	63	62	121	75	44	97	96	86	96	56	73	112	29	67	71	77	0	70	55	109	51	11	117	97	14	61	76	78	66	81	15	23	95	115	9	5	88	109	66	99	16
28	33	70	43	73	45	100	60	41	109	61	100	60	60	41	73	84	45	41	60	54	115	1	63	48	113	0	8	112	14	1	42	71	99	17	25	116	110	118	114	36	39	25	71	3	14	8	52	47	63
68	4	62	79	67	51	114	78	26	117	118	85	94	124	52	42	84	53	85	5	22	33	13	100	36	59	23	0	66	100	63	19	17	28	112	87	103	22	44	9	1	8	123	107	70	119	73	9	94	110
14	44	96	12	109	66	88	116	3	86	75	58	32	71	95	105	4	1	50	24	60	73	55	57	124	114	6	57	0	15	118	10	20	13	61	81	108	63	87	57	102	56	27	68	54	65	40	86	31	60
10	73	10	17	74	53	32	24	83	92	87	99	64	46	35	22	49	8	101	76	29	14	63	60	85	111	95	47	11	0	37	81	33	44	53	60	48	90	7	29	33	116	74	100	5	26	99	51	10	16
27	49	42	35	35	57	36	37	61	15	10	75	2	85	44	4	101	21	120	17	120	3	44	98	111	66	59	63	73	15	0	61	65	20	24	68	63	19	2	59	63	66	103	13	74	46	43	82	11	55
7	44	63	50	23	7	71	28	31	114	112	9	46	8	24	96	119	100	12	63	52	14	7	68	105	16	99	122	5	8	30	0	107	25	87	2	21	19	52	113	66	124	50	111	79	61	49	61	93	70
46	91	86	100	91	116	45	97	4	122	65	69	46	124	54	100	109	46	83	30	117	83	8	56	18	124	94	28	5	69	76	4	0	26	79	80	23	38	49	21	107	110	115	95	9	47	77	43	25	57
97	106	84	72	124	51	113	73	94	121	87	61	35	90	64	124	66	107	60	33	120	56	121	121	53	66	21	100	18	77	109	87	124	0	34	69	92	37	62	42	44	90	115	54	27	40	35	40	13	82
54	60	61	55	6	80	99	34	93	99	42	43	13	56	73	33	8	110	35	31	69	40	37	56	40	41	78	14	35	110	75	97	3	111	0	40	110	15	4	3	38	51	39	76	100	60	85	99	42	114
68	63	98	21	12	56	66	115	84	10	105	70	98	34	20	108	36	68	75	18	117	71	45	74	57	28	104	31	58	89	63	15	41	25	14	0	27	67	8	70	78	23	111	60	101	93	76	74	98	18
52	24	117	102	64	37	56	46	89	66	93	106	52	70	65	109	71	88	118	20	71	19	43	113	42	92	64	79	98	48	24	102	76	62	81	93	0	20	122	25	70	72	94	18	3	87	103	71	97	36
37	113	14	80	115	15	42	80	14	123	56	86	45	6	72	36	81	92	57	2	38	20	120	34	16	51	37	6	15	35	58	60	111	123	24	15	67	0	3	41	121	107	51	41	116	105	113	69	7	4
2	38	97	20	89	109	23	5	47	17	81	98	29	35	91	93	49	104	7	81	31	15	58	124	92	70	98	86	113	99	118	36	74	38	46	58	42	124	0	85	79	85	19	51	86	76	57	8	51	83
17	90	115	6	45	25	39	100	72	33	34	94	29	62	42	116	13	110	21	68	51	9	105	101	11	116	26	20	16	121	84	84	98	72	9	93	11	27	46	0	28	116	7	59	92	82	81	45	102	122
81	26	123	73	76	43	7	103	63	27	26	36	48	75	77	20	36	97	94	90	62	58	60	43	72	85	91	100	103	100	45	109	22	68	43	50	65	74	69	49	0	19	17	82	105	87	65	3	31	89
96	70	9	123	87	107	80	115	102	21	33	112	48	124	44	24	21	50	15	121	100	32	119	71	109	123	75	94	5	92	87	118	100	92	42	72	114	61	103	115	39	0	10	65	22	10	61	78	76	9
2	47	10	120	118	103	23	111	35	29	106	124	117	97	31	77	114	16	16	92	40	4	10	14	8	119	55	16	117	67	71	33	13	27	114	102	32	56	12	15	20	40	0	92	67	19	53	13	122	103
52	53	66	15	63	76	83	37	104	113	5	96	73	50	96	86	10	65	109	77	52	16	4	105	41	78	7	25	24	24	84	34	73	28	57	63	84	54	119	67	42	35	74	0	91	112	78	80	107	96
107	53	37	56	100	76	17	75	20	25	31	35	50	64	16	49	31	52	113	10	22	61	15	61	83	104	112	31	123	116	98	65	109	62	50	53	44	46	50	51	57	111	99	66	0	101	39	43	1	18
12	74	51	21	32	120	32	83	8	85	7	54	90	89	114	57	114	105	44	87	39	75	108	10	41	82	53	91	110	120	120	65	115	82	62	54	98	70	57	40	106	103	45	12	11	0	119	119	55	32
50	48	58	120	33	3	5	119	124	13	79	13	12	27	119	16	1	40	87	14	121	102	14	5	48	108	41	18	116	4	77	105	80	101	1	49	61	97	101	63	35	38	29	100	115	11	0	121	84	50
123	52	99	105	119	123	90	93	113	83	1	13	112	92	100	122	8	42	17	122	119	39	119	39	57	52	111	91	36	4	38	51	93	89	113	52	47	45	36	80	57	110	101	5	92	63	1	0	83	89
27	36	123	31	114	71	30	74	37	31	107	116	71	64	54	124	55	5	61	58	9	44	15	17	114	90	46	13	70	11	93	60	10	55	46	30	57	105	63	50	23	97	91	66	119	73	88	34	0	16
34	54	65	53	103	67	24	116	111	101	116	65	56	17	27	9	87	66	54	27	73	114	26	72	52	106	120	67	70	37	31	5	30	27	89	23	108	78	66	37	65	20	71	117	32	68	113	6	85	0
M6
0	59	22	115	103	73	123	26	14	99	64	72	29	10	91	15	8	47	14	68	114	50	85	71	98	35	93	42	57	67	88	69	68	98	93	97	110	120	43	120	99	29	107	42	21	97	86	4	51	5
84	0	25	83	28	103	64	115	15	71	21	93	61	109	106	117	77	37	51	43	102	66	124	58	112	9	124	87	116	27	15	52	110	31	30	10	98	99	13	19	89	68	105	73	76	104	112	4	88	107
114	7	0	32	53	75	12	75	73	88	117	115	67	56	98	24	71	31	48	14	5	65	90	21	73	94	27	115	19	45	63	44	47	105	14	88	70	41	87	31	32	69	93	118	6	98	88	101	34	31
10	67	81	0	17	110	81	122	27	79	39	64	75	72	57	84	24	112	116	15	110	35	99	39	75	93	4	31	75	111	22	109	89	113	92	48	66	116	54	50	63	75	58	94	85	119	61	59	52	9
2	113	27	111	0	38	49	106	42	4	101	8	69	36	99	72	114	89	77	60	19	107	114	107	80	111	108	49	109	60	46	52	65	47	46	56	72	112	63	32	85	79	67	5	57	91	41	28	48	100
46	123	106	42	1	0	57	7	119	120	24	12	10	108	71	53	94	75	116	50	99	7	91	89	44	44	14	104	84	83	61	108	81	38	29	44	45	63	54	112	102	39	33	108	58	43	84	29	28	43
24	56	33	105	17	15	0	66	44	69	60	106	111	82	25	31	90	76	124	64	82	109	2	63	38	60	123	53	12	124	79	23	120	123	101	83	7	37	45	41	94	44	84	74	122	59	57	113	72	89
18	56	14	104	121	104	61	0	56	92	41	34	33	76	45	60	33	76	57	35	120	82	94	114	25	28	99	99	17	123	34	56	44	19	110	108	39	17	58	67	54	117	12	117	79	49	101	68	21	120
19	59	109	1	79	44	60	55	0	115	12	36	53	39	70	64	53	79	46	30	79	112	36	54	114	32	7	93	60	115	57	6	4	42	124	89	19	76	86	36	21	6	64	5	81	41	97	52	44	72
50	67	44	56	87	18	65	111	57	0	85	81	51	18	59	119	86	77	12	79	21	90	51	95	97	75	116	100	117	77	57	44	86	21	7	117	32	108	119	12	86	108	119	116	38	24	24	115	122	57
75	90	78	46	43	10	43	97	123	39	0	15	27	32	108	2	31	74	103	38	6	122	66	110	114	71	78	121	101	23	16	3	8	96	60	14	88	39	63	66	45	83	107	15	45	78	43	82	78	116
24	48	77	2	27	38	14	118	36	16	108	0	74	96	91	43	13	90	75	116	24	118	87	69	110	47	72	60	73	30	104	84	96	123	17	14	70	6	45	107	123	93	97	107	100	10	12	77	4	4
110	49	76	101	99	58	124	12	52	81	44	5	0	101	18	97	115	1	24	103	56	5	57	5	15	35	115	49	35	22	75	117	94	72	71	108	4	43	9	103	60	114	73	44	30	117	23	73	62	37
83	92	46	111	11	110	92	40	104	15	79	16	46	0	24	2	18	13	123	5	56	33	82	35	82	77	27	44	83	43	95	118	13	60	112	31	9	102	98	31	113	4	122	52	20	53	11	85	105	94
84	101	97	101	27	63	71	94	96	113	61	67	105	36	0	49	91	79	8	35	77	55	67	47	69	18	113	72	79	108	52	100	55	45	102	75	46	84	54	113	78	6	55	1	13	37	37	113	79	119
37	103	44	2	96	48	14	1	51	95	32	94	77	118	25	0	21	7	94	61	83	74	32	62	36	64	110	92	70	64	35	72	75	117	73	95	14	45	117	7	18	29	21	120	112	58	6	28	114	3
79	78	36	101	63	35	116	87	107	70	3	33	113	7	123	64	0	1	60	98	124	44	44	44	88	41	100	53	114	85	106	17	93	32	12	8	18	113	67	77	74	95	7	4	76	7	91	33	8	15
5	71	80	36	80	79	25	107	25	49	82	35	69	9	96	21	16	0	124	116	2	57	24	99	62	12	108	50	101	48	30	14	66	106	53	64	87	23	22	6	56	123	102	22	10	116	80	19	66	104
66	98	90	109	88	115	5	121	97	31	11	119	59	91	53	30	96	12	0	114	110	48	81	107	49	84	89	21	93	61	55	8	29	70	71	32	34	52	78	56	43	122	63	77	65	24	63	72	50	60
17	70	35	107	49	118	3	112	34	55	111	121	93	10	26	55	52	20	94	0	97	68	107	33	75	42	121	36	43	66	41	52	111	83	74	71	52	85	80	109	46	78	78	50	15	83	56	67	122	91
38	11	55	43	61	22	96	78	68	77	72	50	74	34	97	119	39	71	8	118	0	117	44	112	38	37	56	85	38	79	114	55	21	113	82	34	90	78	115	66	7	71	124	30	31	109	104	48	70	42
94	1	79	114	27	37	77	104	44	15	38	85	112	64	84	61	64	41	46	80	92	0	112	6	10	8	49	89	31	110	48	37	75	29	82	25	92	81	36	79	57	70	71	101	26	118	48	54	114	41
111	124	123	28	105	102	121	74	97	119	47	7	116	30	49	94	81	14	81	28	71	23	0	25	84	114	61	50	51	82	115	47	54	54	42	24	50	35	41	118	64	108	81	60	112	76	91	39	87	100
106	119	110	97	107	118	54	87	65	5	66	52	107	49	95	76	18	106	83	10	38	68	108	0	101	121	49	106	60	48	36	14	18	117	6	122	66	6	49	89	23	74	58	53	22	30	99	117	39	21
82	100	8	32	16	107	61	79	60	30	4	11	71	81	111	110	51	30	45	106	9	67	43	115	0	77	17	113	40	96	26	78	24	45	124	2	54	111	103	58	106	90	34	27	120	95	78	60	27	73
99	96	24	41	7	106	30	124	68	7	79	102	53	102	2	102	102	83	109	106	31	1	44	83	7	0	55	55	97	1	69	62	25	20	29	90	45	71	10	97	86	60	61	121	95	17	48	53	116	30
87	47	107	93	11	50	54	73	72	23	106	46	118	36	120	31	19	107	22	65	12	38	45	78	69	47	0	95	61	3	34	87	74	93	61	74	10	49	93	91	95	115	16	69	118	87	22	82	43	110
101	76	62	86	11	32	69	5	24	38	37	76	47	25	79	50	69	70	19	37	85	103	44	33	60	99	78	0	7	94	20	18	94	66	43	26	42	113	23	94	23	123	26	1	31	76	72	62	26	80
12	1	111	1	74	4	99	89	99	113	58	79	48	90	4	93	108	65	28	11	69	72	85	77	75	86	31	103	0	9	87	82	78	43	102	119	3	58	44	26	70	15	120	72	55	47	70	116	117	63
56	31	53	42	36	85	27	120	10	12	114	122	21	27	16	40	114	123	70	57	96	76	4	79	71	31	103	27	64	0	79	46	53	15	124	35	11	4	99	20	13	68	62	99	87	24	33	66	102	95
23	120	20	77	74	48	71	22	65	57	10	102	35	8	73	102	95	60	116	104	9	12	16	12	47	46	85	60	22	123	0	63	120	53	12	92	18	24	20	57	106	85	123	29	17	116	100	101	123	68
52	74	78	2	116	63	45	103	71	60	14	31	53	105	33	41	41	118	56	109	19	21	40	21	16	123	61	80	18	92	22	0	6	119	44	29	73	108	1	81	23	45	89	71	93	66	17	68	23	69
16	70	75	53	112	117	83	72	96	38	49	50	104	11	83	62	10	45	26	43	93	109	117	85	10	90	110	92	64	104	1	22	0	21	47	93	38	22	87	4	8	8	48	16	82	49	72	65	119	26
74	93	9	22	77	104	67	44	102	104	36	116	38	63	15	69	85	19	50	105	32	43	40	54	118	91	95	66	79	53	96	96	54	0	64	3	6	11	99	114	48	65	90	18	23	32	12	102	44	23
16	69	12	109	109	12	65	72	9	42	26	47	109	109	46	33	36	56	57	15	116	102	14	107	76	8	110	18	109	29	25	54	52	113	0	54	60	15	22	7	34	115	94	24	10	13	92	22	42	37
107	104	28	74	36	68	35	67	69	58	68	85	101	39	113	28	106	86	80	91	41	102	49	9	22	12	19	3	41	119	104	28	4	116	64	0	37	45	97	72	59	112	26	26	4	70	62	121	26	6
6	68	77	45	89	89	25	61	44	18	33	18	6	99	25	1	102	97	98	12	122	123	45	18	26	122	19	122	15	106	59	50	122	7	106	11	0	85	48	121	49	29	92	18	24	43	21	100	10	113
53	1	70	48	13	11	12	49	111	119	9	17	88	74	15	40	79	92	43	95	120	2	40	102	97	87	123	45	98	11	103	117	63	11	106	40	114	0	61	41	64	10	12	46	9	68	71	81	27	52
95	122	8	49	109	60	4	28	83	73	19	46	66	13	122	89	48	10	24	101	45	24	20	105	112	115	5	37	109	89	18	21	79	106	97	123	12	106	0	77	25	58	66	46	65	12	123	51	48	56
44	60	70	55	98	93	77	49	38	90	96	55	38	114	36	30	105	23	59	17	22	21	117	32	110	31	96	21	108	118	62	4	101	92	42	56	123	62	120	0	42	71	49	83	79	83	81	102	86	105
76	119	52	118	8	107	107	31	72	62	74	46	82	83	11	76	75	86	2	55	62	76	19	42	110	72	37	39	103	58	36	96	62	117	41	57	67	60	104	89	0	93	123	87	49	113	18	95	115	99
71	95	67	79	51	1	86	78	122	85	5	29	67	69	68	43	40	26	90	83	59	54	113	89	53	28	14	50	103	55	115	12	38	30	57	79	43	92	35	77	31	0	69	109	121	1	23	14	91	47
40	69	41	83	74	119	4	108	48	117	21	33	84	102	48	78	120	16	6	69	112	29	54	79	11	20	64	60	14	52	40	97	115	65	31	1	121	63	99	35	106	74	0	71	77	29	101	76	82	49
32	32	41	93	25	29	39	115	57	76	26	56	55	105	74	25	119	119	74	117	90	88	63	92	4	38	90	10	19	99	112	119	38	58	9	32	45	92	39	20	77	48	11	0	64	22	15	35	37	119
103	82	69	35	6	37	76	59	47	5	50	8	6	33	3	63	89	42	8	51	34	71	42	93	32	79	105	77	6	83	39	49	10	73	70	48	82	33	63	52	18	81	71	102	0	67	3	113	107	108
104	69	66	90	114	57	28	122	4	20	98	73	1	37	111	89	111	56	93	121	117	110	78	33	39	21	87	68	109	112	17	77	50	98	57	69	7	122	87	82	10	49	91	99	114	0	32	106	76	30
47	73	123	91	85	15	93	50	122	124	51	109	28	106	60	1	67	53	102	75	101	9	87	31	84	60	101	51	18	54	55	53	28	80	39	117	36	24	116	117	122	1	66	62	8	39	0	102	97	35
22	18	7	38	65	104	76	44	15	103	112	109	70	91	48	71	23	11	95	66	50	57	74	47	9	51	73	69	70	99	122	24	121	89	99	34	60	20	113	121	90	16	23	39	116	100	26	0	85	121
8	35	87	71	40	82	69	64	79	48	99	56	52	2	20	76	41	14	123	82	7	64	33	48	11	55	34	1	105	14	68	38	70	57	68	98	104	12	14	87	104	67	102	69	66	51	94	46	0	43
20	22	3	31	55	23	27	17	33	65	1	105	56	107	122	60	22	33	49	80	58	104	124	95	7	79	29	97	106	35	9	86	1	123	102	101	44	109	44	98	77	98	115	78	92	124	40	36	21	0
M7
0	61	4	88	2	92	99	27	45	23	75	83	22	89	6	109	75	8	67	14	67	87	117	82	107	93	64	106	77	8	21	6	13	42	69	42	75	4	61	9	32	45	71	62	42	95	17	2	97	60
118	0	109	116	27	17	51	92	3	37	123	108	105	108	48	62	45	18	18	91	15	63	38	117	5	96	54	55	101	86	95	35	95	11	17	15	22	15	99	51	26	69	46	53	105	36	63	98	70	24
12	69	0	75	35	119	1	2	79	55	92	120	74	46	90	113	32	32	38	68	9	81	48	103	44	14	42	33	100	27	37	51	50	59	106	39	31	19	51	7	43	40	75	4	30	84	78	43	2	117
45	62	25	0	110	74	46	62	23	102	124	41	107	27	102	87	110	8	32	110	10	67	109	106	87	71	63	66	9	47	120	24	27	96	50	92	60	45	36	72	49	27	83	33	51	82	18	38	33	31
81	83	3	19	0	18	109	5	38	75	110	67	35	15	110	54	86	101	114	63	48	120	117	43	2	72	69	45	75	28	88	110	16	116	11	41	48	59	111	78	76	30	30	82	65	74	57	33	110	66
124	14	93	94	88	0	63	105	93	78	103	116	40	79	43	5	91	83	55	98	56	20	73	54	3	7	69	21	80	66	91	98	64	30	64	118	119	94	18	59	110	56	61	53	20	14	69	121	107	115
107	36	75	85	105	109	0	34	36	118	25	121	124	20	57	119	116	2	107	103	91	47	101	52	62	75	91	115	50	97	72	46	51	23	26	50	30	22	20	3	54	18	57	93	3	28	73	30	47	123
93	72	5	16	113	58	96	0	124	51	32	6	74	14	60	84	10	32	36	47	24	80	123	61	124	86	70	4	114	66	119	110	111	34	44	108	20	118	107	96	11	112	29	107	112	61	81	37	36	68
81	51	38	107	74	120	122	68	0	60	87	70	33	111	99	33	59	36	19	9	34	15	65	109	66	48	113	117	33	63	107	79	69	102	51	96	55	122	112	15	68	4	124	99	52	5	57	89	99	54
76	35	44	61	69	115	67	90	67	0	35	79	113	122	3	22	12	27	85	24	121	104	3	14	22	17	76	31	75	28	116	9	101	88	4	98	112	117	47	3	85	42	100	54	111	34	53	85	91	56
118	4	15	104	108	68	42	74	38	83	0	122	60	87	63	50	85	50	42	123	29	120	123	21	23	91	18	90	47	113	92	113	58	39	6	80	60	53	8	48	18	65	27	97	77	105	90	15	69	37
112	13	66	123	43	66	27	77	107	105	116	0	75	49	100	51	41	55	63	107	6	91	82	98	26	11	99	7	38	89	107	11	55	62	36	53	42	108	70	103	43	46	114	78	91	14	62	24	50	72
44	73	80	69	116	102	83	13	7	25	9	110	0	55	101	50	40	35	6	58	29	67	86	13	5	101	16	72	88	9	59	94	118	65	97	89	49	55	97	64	90	94	64	30	1	82	5	71	84	68
1	51	2	20	91	53	115	73	18	64	52	65	86	0	55	23	10	11	43	2	109	60	86	9	41	55	120	31	30	103	19	3	30	59	98	83	75	19	23	87	64	48	123	108	102	6	42	8	95	82
23	8	47	1	60	111	48	58	60	23	110	4	25	118	0	25	13	99	67	58	50	70	86	7	73	66	7	110	64	20	63	7	22	58	12	67	88	60	71	92	8	13	94	30	28	72	25	2	10	27
107	104	28	9	105	111	61	92	48	73	101	54	71	13	101	0	1	66	50	23	77	17	54	92	29	40	112	98	124	81	115	11	48	97	29	76	70	96	112	106	38	81	93	57	66	56	97	35	24	88
60	40	21	33	85	2	42	76	52	106	122	40	113	43	29	37	0	78	102	27	88	21	57	123	3	19	86	80	60	81	99	123	104	89	32	87	33	116	54	119	92	37	38	110	47	79	72	35	43	57
46	64	67	120	13	78	10	65	70	99	19	123	11	118	3	64	50	0	17	11	101	66	92	30	123	101	111	13	60	5	74	88	75	8	38	98	97	73	17	97	68	106	103	10	95	52	25	33	93	54
90	41	19	110	47	2	113	100	3	117	65	58	106	10	50	118	92	76	0	39	92	63	59	107	16	52	2	82	68	54	56	89	36	4	27	124	10	83	44	53	59	14	61	66	17	36	7	80	43	37
101	56	50	102	114	8	88	10	109	8	93	116	45	24	21	119	78	75	87	0	57	119	106	97	104	56	123	106	90	12	70	106	100	105	36	52	29	28	85	87	18	86	6	103	70	82	48	67	90	10
51	46	86	111	57	55	85	87	12	113	70	71	108	39	48	98	16	84	120	116	0	29	117	95	81	50	12	94	112	123	19	112	90	8	88	50	79	57	119	122	29	91	16	96	91	87	106	66	46	58
6	40	119	18	9	117	9	77	47	66	68	13	123	45	45	53	46	83	6	5	72	0	111	24	61	104	113	90	82	106	3	118	2	55	87	75	104	58	60	53	111	3	59	116	41	42	41	52	68	2
84	46	41	40	48	108	82	112	14	74	100	119	124	67	85	96	70	69	81	36	5	39	0	15	109	95	37	85	90	41	122	86	38	84	32	51	122	35	84	31	85	10	32	80	12	112	98	72	122	55
114	113	57	11	59	112	42	18	93	81	117	30	95	40	117	1	92	39	14	27	24	119	8	0	14	66	17	55	65	121	2	2	120	19	107	81	115	99	67	34	117	38	23	7	32	16	12	79	8	29
4	3	81	15	23	55	8	16	87	55	121	5	64	103	103	17	91	41	85	39	6	13	9	109	0	81	50	113	9	112	13	42	69	63	100	109	37	6	91	49	81	25	101	86	68	98	52	102	16	86
88	40	23	15	92	1	31	114	72	5	28	99	11	50	112	78	37	4	89	43	45	14	71	119	66	0	54	88	97	95	97	96	106	95	78	89	22	78	101	13	34	54	103	109	8	42	111	110	32	16
6	64	74	35	102	36	93	105	39	45	75	110	80	14	36	31	27	46	42	89	17	3	57	13	99	118	0	22	77	68	59	22	84	89	117	3	117	88	8	99	31	91	2	73	101	53	71	5	83	65
89	52	60	23	59	86	121	96	124	102	90	18	6	19	10	80	52	68	41	65	8	97	66	58	99	33	72	0	28	122	10	39	103	61	116	111	94	100	77	88	115	29	109	57	71	47	110	32	32	62
96	116	76	41	104	91	71	59	48	32	23	69	42	28	28	71	15	58	29	34	45	29	94	61	55	78	99	77	0	6	110	102	107	7	94	108	100	69	20	59	58	109	112	71	110	88	26	80	119	112
26	70	2	58	91	9	31	100	8	104	40	30	51	54	43	50	41	100	42	120	47	111	101	109	77	87	120	3	106	0	104	101	112	81	34	6	119	83	3	80	56	77	100	52	5	4	2	114	69	85
60	79	71	29	113	28	94	64	121	24	11	60	48	52	58	105	59	37	39	93	12	54	11	19	113	29	119	90	38	86	0	117	48	67	40	38	102	112	4	5	87	109	40	79	27	89	26	78	43	107
71	55	120	12	4	76	69	50	63	59	30	109	115	89	61	27	111	72	65	74	25	60	39	119	66	47	114	6	94	16	29	0	85	71	90	72	19	58	17	87	80	41	1	10	18	1	88	74	39	93
29	119	5	44	7	63	107	47	119	30	57	97	51	14	100	110	123	12	91	54	118	64	5	26	117	64	41	58	58	99	26	22	0	73	4	76	94	112	57	37	99	123	71	105	17	77	9	78	124	64
38	78	33	71	115	14	4	76	71	63	123	31	88	108	44	48	114	1	36	48	42	7	17	3	12	115	101	75	94	20	36	6	31	0	117	115	90	107	55	11	37	9	68	48	123	59	102	43	104	5
33	63	10	44	2	14	72	92	33	117	115	36	121	1	94	31	18	3	38	36	84	6	31	71	22	76	44	91	24	14	78	11	94	71	0	93	88	15	106	15	25	28	101	103	43	29	38	37	110	123
100	56	22	69	121	79	50	116	94	86	81	84	61	106	6	19	40	45	81	49	107	7	119	4	103	35	10	83	30	94	124	74	19	60	63	0	112	40	78	83	24	8	10	112	68	30	12	16	59	25
11	51	117	5	96	29	88	69	117	23	73	91	86	87	48	76	113	37	76	116	38	29	20	114	33	87	80	121	46	102	9	39	39	33	118	83	0	73	4	16	86	23	108	109	77	11	46	15	43	60
69	80	6	90	91	107	103	90	91	51	27	20	112	77	50	76	59	85	55	96	14	121	9	8	105	3	76	51	80	110	21	15	40	8	35	111	69	0	18	56	78	30	105	48	49	48	15	105	96	42
59	54	71	1	97	84	45	44	7	39	70	55	13	66	119	80	123	82	96	108	88	74	105	119	67	96	57	71	111	84	97	21	92	11	20	124	110	78	0	68	17	75	27	112	115	63	65	42	74	78
73	32	75	8	25	118	19	81	72	23	1	75	67	103	36	122	33	83	21	59	23	100	57	108	90	30	68	22	109	99	31	33	108	28	55	67	43	29	73	0	115	110	107	64	29	94	37	5	95	27
25	41	67	93	1	14	79	13	106	124	62	121	11	88	34	84	61	106	39	31	83	69	84	82	30	23	12	33	99	95	94	70	99	10	116	107	93	48	32	65	0	56	32	28	102	19	10	10	75	102
7	48	34	117	108	100	96	63	46	105	81	15	105	83	43	56	95	37	26	38	11	84	6	25	70	48	9	17	62	25	76	116	5	72	114	55	104	99	121	38	86	0	54	17	34	84	39	119	13	64
17	75	85	69	50	77	92	50	48	4	51	14	31	8	65	70	68	104	34	37	86	113	94	4	21	73	56	80	73	27	84	28	95	3	70	78	66	11	18	70	115	79	0	63	9	111	89	25	19	96
101	26	75	16	15	50	68	84	63	9	21	55	40	2	67	40	69	43	83	91	22	117	8	6	56	26	69	109	87	68	11	70	94	95	77	39	4	31	80	113	7	93	86	0	115	106	114	110	97	58
16	67	32	64	14	26	15	88	59	95	6	69	14	52	8	93	17	91	6	118	96	1	20	2	37	82	20	99	21	55	119	16	90	80	116	75	14	69	105	32	57	110	38	25	0	47	120	28	123	29
104	84	13	108	73	3	100	90	66	43	63	58	21	59	8	78	111	21	107	100	118	30	74	67	20	79	118	98	40	106	103	81	44	20	71	113	73	55	63	32	98	93	94	61	96	0	97	118	6	86
117	72	70	58	82	107	36	102	14	64	91	103	71	92	89	26	3	44	90	62	86	102	40	117	91	85	106	91	22	73	113	123	102	115	21	61	98	105	60	14	108	121	69	74	103	46	0	54	104	44
41	73	8	45	14	68	60	91	103	16	39	96	115	102	29	116	124	108	78	79	119	12	39	18	103	71	64	112	60	65	27	104	32	27	35	46	44	94	118	31	17	106	64	63	8	12	49	0	2	93
46	96	66	34	40	88	27	117	4	29	112	121	50	101	92	102	99	54	122	23	123	109	110	113	62	16	19	26	95	118	43	4	104	13	19	59	66	75	60	74	17	19	94	112	24	77	110	68	0	119
8	95	109	60	104	37	109	63	85	39	94	68	114	101	75	108	3	60	114	40	37	48	53	6	56	29	58	90	19	86	111	98	121	78	44	83	49	29	16	32	62	51	25	108	99	107	11	67	28	0
M8
0	105	73	60	17	58	62	110	11	114	122	66	52	18	24	103	30	100	19	25	17	65	20	13	81	87	24	108	77	65	4	44	83	111	13	124	58	43	30	88	93	30	116	105	121	102	83	9	25	108
59	0	115	83	8	106	40	121	33	66	47	117	51	105	36	71	75	90	11	81	87	61	67	115	55	115	73	107	108	53	119	56	88	20	109	77	103	61	21	11	3	18	116	102	87	103	95	52	35	45
17	8	0	38	58	44	105	74	88	52	81	1	59	49	108	67	84	40	78	110	91	104	45	88	13	97	104	21	24	81	120	69	70	93	13	1	95	10	66	76	23	83	55	68	88	90	73	114	17	89
42	46	78	0	61	115	111	79	106	10	20	4	36	29	50	64	91	22	90	50	73	92	26	48	48	102	46	114	94	124	88	38	88	51	61	79	28	86	120	10	100	19	73	39	55	62	13	5	13	88
59	95	89	2	0	120	60	39	113	116	97	94	97	15	72	20	68	68	73	12	41	19	116	122	24	118	114	45	38	34	75	9	18	41	79	32	81	32	98	113	43	34	106	53	106	86	124	19	54	112
87	17	34	63	104	0	54	104	41	76	91	59	107	40	6	117	56	24	116	90	38	95	40	33	2	75	115	53	35	29	116	98	1	75	36	89	114	71	116	30	47	6	85	12	19	117	82	71	10	122
56	9	19	1	52	43	0	43	47	110	118	9	76	122	42	48	39	60	79	10	5	115	10	42	94	102	61	91	105	90	64	65	121	55	35	83	31	94	95	5	52	46	20	73	11	122	104	81	26	72
95	66	38	71	66	2	23	0	24	37	68	9	34	36	23	63	64	90	70	47	74	26	55	105	113	7	83	33	99	6	59	12	52	74	80	71	93	38	99	81	36	46	105	36	66	50	65	40	27	67
44	50	112	112	62	86	58	109	0	61	47	63	91	79	18	96	49	76	22	2	77	81	47	9	107	27	100	116	50	13	66	7	75	50	60	44	69	87	107	60	22	68	39	51	87	118	116	45	23	55
73	80	26	16	58	118	23	72	72	0	14	102	69	83	60	75	110	114	39	52	18	19	104	90	85	74	122	93	44	52	110	95	124	55	77	39	44	114	96	1	23	24	112	30	71	78	114	117	104	19
108	31	60	32	107	72	6	49	113	89	0	104	119	121	87	118	61	76	89	4	76	107	33	73	110	44	29	116	89	88	103	10	95	99	40	120	96	45	9	16	61	12	52	58	36	27	39	100	79	124
86	54	42	122	21	86	67	87	50	65	76	0	24	27	35	60	71	53	51	19	70	97	91	44	78	91	50	69	19	86	111	114	108	4	53	94	43	23	92	82	50	45	34	50	77	104	119	20	49	107
27	97	21	71	1	6	101	65	108	34	36	86	0	48	65	2	6	55	53	79	6	34	50	13	91	25	69	28	21	52	100	17	56	44	111	40	68	52	39	18	84	23	44	8	118	33	95	114	72	62
100	120	96	22	70	81	21	49	115	23	59	102	69	0	51	66	47	80	79	14	96	64	42	11	90	14	111	105	43	15	96	118	23	28	115	76	83	72	14	40	6	96	77	96	18	87	61	118	54	9
19	111	24	80	36	85	118	29	15	66	34	24	61	5	0	84	115	67	13	35	65	93	109	50	91	77	106	26	82	48	11	26	13	48	103	17	46	16	50	52	102	7	115	66	89	81	27	90	2	36
6	111	15	2	64	98	104	28	34	80	124	99	100	2	69	0	38	11	47	120	18	22	91	42	120	89	52	73	71	46	81	65	16	64	87	91	72	118	77	63	51	42	114	54	17	64	87	16	38	14
4	45	109	122	75	81	9	45	8	102	31	112	46	43	53	102	0	27	43	39	112	47	70	16	17	40	99	61	17	89	53	34	78	66	17	6	99	100	4	66	9	52	74	50	92	44	34	6	71	38
75	37	14	79	26	33	66	122	11	86	10	12	116	65	76	82	60	0	70	76	24	15	58	102	34	27	54	39	83	124	34	77	18	98	98	41	5	4	84	14	106	53	31	38	52	5	103	37	61	33
70	56	86	118	119	46	31	16	58	73	119	11	107	13	30	103	36	40	0	38	3	20	35	87	11	46	34	110	2	51	26	58	121	47	42	41	120	4	28	98	114	40	3	55	1	3	51	54	34	57
110	29	69	59	23	18	59	122	119	30	1	119	13	41	92	67	38	22	123	0	83	84	19	39	64	75	113	15	49	24	111	40	24	100	87	49	40	89	76	17	89	105	102	10	74	5	20	41	97	52
51	27	99	93	56	24	33	104	92	83	13	48	13	103	73	113	83	87	45	71	0	46	95	110	118	67	21	114	39	45	20	6	94	35	33	39	34	75	70	64	90	110	98	88	21	111	35	114	4	22
2	26	23	64	24	65	99	111	14	120	62	84	35	59	49	13	15	6	101	45	72	0	110	101	108	64	27	124	51	98	86	1	40	35	54	95	118	49	45	52	118	78	27	54	21	49	52	57	35	21
99	88	40	65	88	17	101	94	14	74	16	15	74	88	38	104	69	36	55	59	105	46	0	44	41	79	28	28	103	52	6	36	23	39	10	110	104	5	33	49	42	38	118	107	84	67	2	49	48	6
62	68	86	13	90	42	91	75	29	71	70	30	39	87	41	37	98	37	11	74	35	109	117	0	22	39	91	64	78	101	116	6	42	112	85	54	122	8	86	28	123	13	31	26	102	51	17	20	48	59
78	123	104	95	14	21	68	24	27	40	19	2	44	39	99	95	10	31	4	62	101	11	11	91	0	80	3	42	61	40	77	25	68	94	50	112	103	64	62	89	48	12	51	80	69	19	11	94	15	99
98	60	80	82	63	81	36	55	113	17	93	5	7	37	22	53	39	81	13	11	37	50	117	62	94	0	100	46	113	81	64	97	89	110	39	77	94	68	113	24	87	51	98	48	20	24	23	36	23	108
77	91	51	105	98	20	106	121	69	51	37	83	38	38	69	61	19	11	30	20	63	19	95	85	8	76	0	80	17	41	74	50	41	10	45	78	34	67	78	118	38	1	82	5	25	39	4	107	88	47
26	98	25	72	16	41	71	116	81	63	51	18	69	37	16	122	21	60	79	90	24	110	79	61	12	119	89	0	86	8	2	94	4	82	86	50	85	43	50	64	71	95	107	112	2	50	113	101	124	105
36	108	113	120	12	63	66	90	117	6	67	33	25	4	111	79	97	50	105	37	42	78	44	26	110	113	31	18	0	11	11	60	72	116	99	11	41	42	10	106	71	121	54	111	33	57	5	54	105	62
90	68	93	101	80	106	31	104	14	17	66	67	97	64	14	109	17	87	113	86	21	49	83	12	62	96	56	79	56	0	100	65	105	95	90	90	101	118	108	24	8	72	113	12	97	110	106	81	23	61
84	78	73	28	35	8	54	33	17	124	54	7	110	51	51	103	92	64	85	70	47	42	121	96	92	17	20	64	122	120	0	57	44	45	81	94	43	107	102	25	16	109	103	43	100	33	94	44	15	56
83	9	19	71	2	9	68	96	89	106	115	11	40	114	15	71	54	34	32	84	4	84	112	109	80	90	95	27	42	53	89	0	17	3	121	2	105	70	115	18	12	81	108	65	4	61	41	8	71	82
66	42	57	98	28	94	118	110	92	21	88	55	116	72	67	81	86	13	98	41	23	24	94	67	5	106	51	96	8	44	11	38	0	34	75	21	25	36	36	106	98	48	46	56	110	97	73	106	113	109
123	26	87	73	90	93	92	3	73	63	122	7	7	35	77	68	87	118	50	48	57	40	43	61	110	101	121	56	62	92	53	61	113	0	12	7	116	19	3	46	39	70	40	55	101	13	97	11	92	117
20	67	14	77	4	38	88	42	112	68	122	117	36	10	104	90	83	98	14	34	59	40	29	91	66	124	55	44	83	61	69	31	44	95	0	18	67	75	25	63	66	62	120	3	57	7	2	68	118	42
41	12	37	121	31	113	26	68	2	74	67	59	106	5	25	37	32	29	43	78	37	27	47	14	10	95	61	7	81	70	89	87	13	113	100	0	39	72	42	28	58	45	67	33	23	59	70	2	117	26
27	72	79	83	120	118	117	36	2	41	92	84	22	103	72	71	85	96	34	60	38	23	11	54	12	8	29	114	103	69	58	103	124	19	15	16	0	90	56	110	59	17	26	4	5	123	88	123	23	77
71	68	114	56	74	114	16	83	40	64	3	105	40	29	41	70	49	65	32	35	28	70	9	8	26	36	116	118	53	20	53	123	118	102	75	29	16	0	22	109	30	43	46	108	121	56	101	120	122	123
29	50	32	94	35	123	40	41	43	107	41	85	63	98	19	9	88	2	115	75	94	76	46	38	74	104	111	89	123	122	50	6	75	84	14	85	6	85	0	3	55	58	69	88	105	82	99	67	59	98
51	82	119	36	98	26	37	56	67	77	67	91	80	5	7	115	121	14	95	72	14	104	40	48	2	3	110	56	121	82	10	73	99	46	35	11	47	58	33	0	78	108	61	124	29	30	24	108	58	115
47	114	38	94	3	78	34	67	63	57	113	106	13	27	73	118	103	100	22	106	56	10	37	123	20	96	108	10	30	97	54	119	104	23	43	75	52	113	95	81	0	95	101	35	124	66	73	26	53	79
111	35	28	2	59	6	40	78	28	29	58	81	53	122	29	32	95	65	20	53	77	119	20	85	109	123	123	87	38	107	66	27	9	102	124	78	13	119	70	27	40	0	15	91	117	108	28	88	28	121
46	56	7	10	47	18	63	25	87	51	54	106	108	41	103	121	117	28	39	61	68	81	71	86	64	29	92	67	28	10	19	38	15	2	107	64	3	116	99	121	30	107	0	78	16	66	84	69	50	58
53	85	5	96	102	84	76	77	41	90	33	1	103	38	43	88	113	124	6	42	17	56	5	82	121	32	49	11	22	38	36	116	85	116	10	7	69	104	121	104	50	84	33	0	69	25	92	108	96	87
24	84	28	77	85	107	28	48	48	40	93	25	101	87	73	70	100	100	35	75	85	40	95	104	54	20	96	24	47	94	81	59	93	37	4	64	5	71	47	91	20	119	82	110	0	82	106	46	21	83
37	97	123	22	106	27	6	114	117	69	72	116	7	50	104	68	86	70	29	50	113	98	87	96	95	115	17	29	14	115	13	52	68	40	123	77	48	25	58	18	124	91	112	122	114	0	95	112	6	67
10	54	121	35	38	119	66	69	76	78	94	119	76	61	72	52	19	19	76	49	115	66	24	15	11	56	112	85	24	38	35	52	37	6	36	91	1	27	100	72	91	99	35	4	59	120	0	26	85	117
36	15	122	102	86	26	59	45	38	114	99	104	24	109	95	46	34	26	115	19	23	5	55	30	103	87	13	34	87	121	124	106	61	50	111	61	54	55	79	30	37	8	105	70	28	4	118	0	114	70
114	24	26	74	95	20	8	88	87	13	58	45	13	111	59	13	8	66	95	29	26	67	47	3	27	73	114	72	62	25	3	83	115	60	107	24	72	16	8	19	104	10	27	16	52	100	105	90	0	6
114	83	74	112	68	46	106	10	110	23	119	81	80	24	70	12	51	122	92	21	17	10	84	58	29	48	88	37	8	58	29	75	90	54	6	123	47	94	113	22	94	39	72	51	38	51	63	74	25	0
M9
0	81	2	37	45	109	66	97	112	69	40	88	111	37	98	39	32	61	15	3	22	7	12	108	46	123	19	34	12	14	5	114	93	20	100	99	47	25	93	99	70	122	87	26	47	93	97	14	59	58
45	0	79	55	89	10	42	3	71	115	42	102	22	117	111	71	121	114	74	19	89	15	47	105	80	12	113	67	83	110	27	120	26	43	65	12	19	34	75	18	18	83	33	20	117	35	85	103	100	24
85	5	0	9	27	24	62	29	34	65	31	46	7	28	121	94	80	60	52	91	109	61	41	61	79	36	88	24	45	97	41	67	56	17	95	106	44	92	53	14	63	41	35	79	60	2	45	44	107	45
15	95	105	0	86	37	10	78	30	117	21	97	123	64	34	69	12	60	76	78	45	84	46	76	22	40	83	79	103	80	55	75	15	32	65	114	85	112	14	117	64	26	72	49	56	58	37	47	100	87
103	111	27	52	0	100	109	64	114	18	33	27	122	85	63	95	40	29	71	100	20	59	50	10	97	70	39	80	114	15	100	70	43	121	96	37	123	111	19	44	66	23	45	9	21	116	27	49	19	8
8	25	25	93	44	0	61	98	89	116	45	29	57	92	95	89	54	82	52	106	104	95	36	60	47	24	73	80	29	48	23	2	19	52	107	39	30	78	111	35	14	111	90	51	25	13	107	63	71	88
28	75	66	72	61	3	0	94	37	40	59	106	87	48	68	71	52	74	114	117	76	122	22	30	15	25	14	59	101	51	101	86	104	24	124	72	121	87	33	98	59	17	48	33	104	42	97	46	77	4
74	70	22	7	37	10	98	0	69	76	72	104	3	14	8	90	77	113	34	105	32	27	54	97	28	92	14	64	55	17	65	43	80	4	62	89	121	43	4	44	113	105	6	17	49	33	111	103	80	46
79	72	8	98	8	68	14	66	0	35	56	24	53	122	83	90	11	108	20	24	115	119	64	88	47	74	84	39	66	45	46	27	68	45	14	74	97	67	47	82	49	105	48	18	107	79	55	49	93	58
115	89	65	25	32	88	53	19	59	0	78	69	72	40	16	93	108	109	115	107	18	16	6	76	9	9	118	4	42	36	76	17	102	120	20	64	64	102	1	103	103	65	33	49	77	54	124	52	35	104
85	77	78	115	96	14	56	35	42	114	0	109	72	18	64	18	91	87	23	17	90	4	12	121	107	31	57	64	28	32	19	50	55	12	64	26	20	85	56	81	98	11	112	4	59	75	39	44	26	12
84	92	92	65	42	14	66	81	73	31	121	0	23	84	95	86	119	112	66	61	117	103	70	51	13	93	60	107	53	7	10	110	84	6	58	112	72	42	121	73	82	122	93	89	109	106	73	10	80	4
88	105	5	11	34	119	40	77	113	55	109	57	0	79	96	44	31	111	65	73	64	64	13	63	30	112	34	33	88	100	77	12	5	38	51	100	89	10	31	97	7	114	81	6	41	9	48	78	13	9
22	37	113	108	22	65	46	69	26	12	47	5	106	0	107	119	42	80	47	104	59	19	75	124	9	86	105	81	13	96	70	42	60	86	95	28	48	112	13	92	62	109	119	21	79	101	5	86	34	32
30	26	19	64	120	97	111	68	4	67	22	60	101	71	0	9	23	48	98	75	51	90	17	60	48	33	62	77	9	40	9	4	30	26	30	2	28	19	14	107	118	22	30	52	73	74	37	31	2	109
72	36	102	119	89	25	74	32	118	92	87	119	97	122	106	0	50	122	21	22	62	14	50	51	85	19	85	83	89	114	106	102	36	27	49	39	54	5	38	19	124	29	55	37	101	52	121	76	35	14
113	34	54	34	109	25	97	100	64	104	70	90	25	62	1	119	0	9	4	107	6	50	58	47	25	108	120	37	58	34	36	81	120	95	55	57	61	80	44	67	109	19	87	12	110	5	28	89	86	85
21	5	10	7	86	17	106	108	42	52	36	76	117	78	63	55	78	0	20	7	121	84	104	22	69	49	105	58	73	52	58	120	99	115	103	108	96	97	101	40	124	68	91	19	24	109	80	42	105	98
24	78	13	91	49	83	47	71	115	54	63	97	76	119	23	64	24	65	0	3	53	98	110	63	33	52	26	80	86	61	89	14	111	36	34	29	107	94	55	122	49	6	78	114	34	104	60	101	21	18
69	28	12	35	119	45	80	25	63	7	26	33	66	69	116	35	56	62	20	0	36	91	52	67	59	99	48	16	21	124	106	15	99	108	92	2	39	13	29	47	49	122	123	69	49	38	87	113	6	1
1	61	25	116	56	25	7	70	117	104	117	75	86	81	41	93	112	24	95	2	0	58	84	109	56	55	13	79	27	34	104	71	21	100	60	64	68	69	11	28	55	7	20	103	7	112	3	1	109	123
48	39	66	17	31	17	79	107	61	11	9	27	95	111	70	111	67	11	29	112	54	0	123	107	82	16	105	89	33	67	21	41	29	16	61	78	4	42	25	18	19	78	19	41	82	90	19	26	29	102
76	100	45	122	115	14	18	3	39	77	96	63	28	70	101	89	80	54	75	85	88	58	0	85	87	72	9	117	100	67	64	92	32	74	24	63	122	26	48	41	50	109	52	77	30	84	53	107	25	118
25	6	70	106	123	33	16	56	6	75	8	44	35	34	66	47	59	77	26	71	95	65	12	0	68	54	23	11	12	21	60	51	51	42	29	93	52	124	20	79	18	76	48	77	118	85	80	14	16	109
85	119	42	28	56	22	77	74	10	50	17	52	88	117	106	47	93	67	95	82	11	22	51	99	0	30	71	96	40	78	27	105	94	48	4	50	79	40	2	92	61	11	69	65	25	67	19	119	2	110
93	103	4	27	123	36	30	39	7	42	18	118	105	45	78	14	92	30	92	97	28	109	43	28	116	0	9	117	115	21	25	7	79	88	15	8	23	73	21	32	120	26	30	65	35	92	40	16	119	116
114	24	115	85	42	4	86	117	83	53	95	107	112	60	85	31	92	75	7	91	95	95	93	25	21	26	0	31	54	25	5	89	118	7	65	40	68	92	6	111	124	33	108	114	112	26	49	54	93	44
46	46	57	15	44	54	26	107	42	56	26	41	35	110	83	107	21	120	29	5	67	55	65	113	106	25	88	0	12	3	122	8	27	124	14	7	74	30	120	51	19	55	50	15	103	116	83	58	17	54
40	52	65	38	20	122	91	43	45	57	45	96	17	74	18	123	90	12	111	34	65	2	119	56	75	122	84	24	0	121	31	29	67	38	7	99	96	8	104	115	91	15	14	79	20	49	31	69	94	10
51	4	119	59	32	32	84	62	47	82	50	50	51	13	71	35	44	99	124	45	69	95	93	18	47	48	105	121	55	0	53	72	67	11	46	55	49	46	15	101	59	82	49	7	33	112	34	65	10	98
99	87	61	81	74	70	8	92	110	81	97	15	40	82	111	62	73	61	6	75	87	120	109	118	43	97	72	20	104	34	0	120	14	48	29	9	77	108	88	55	56	32	64	55	90	47	8	50	33	86
66	52	28	25	77	3	15	98	42	8	17	60	75	83	40	62	73	117	124	11	15	101	64	56	66	32	29	40	94	94	35	0	3	78	87	66	116	80	18	101	102	80	17	41	56	20	46	88	47	48
17	41	104	14	81	90	27	115	34	16	55	74	14	87	30	60	33	101	34	39	58	56	48	94	114	88	74	62	86	99	74	112	0	109	22	98	49	50	76	22	9	24	51	76	41	11	117	44	54	87
48	85	34	19	25	30	105	30	99	39	8	92	51	9	8	76	12	86	10	56	62	92	59	56	73	36	74	93	89	82	58	100	72	0	85	73	37	2	122	32	78	75	76	23	5	75	5	50	123	86
45	81	15	56	21	98	23	87	63	114	74	119	103	25	71	94	113	84	122	75	4	57	40	85	7	12	73	90	7	17	106	70	88	1	0	90	40	68	101	28	36	107	89	76	111	103	113	25	33	3
47	27	54	78	7	31	11	97	111	104	47	3	10	31	42	87	50	62	87	98	58	13	53	69	38	27	2	121	61	11	61	102	114	122	93	0	106	101	6	47	66	75	83	54	19	89	53	80	51	63
80	122	78	103	9	84	42	109	35	8	110	61	103	103	16	111	26	69	75	77	9	80	74	13	56	2	124	20	106	17	119	48	40	36	79	14	0	8	17	70	67	17	8	67	13	31	85	110	40	95
77	77	63	44	61	108	23	122	67	54	21	22	61	72	60	78	65	26	84	90	53	19	31	70	37	27	18	43	60	11	72	61	60	57	81	80	4	0	99	66	65	81	83	18	32	47	67	78	77	46
70	2	52	82	75	111	99	39	67	12	42	83	102	56	20	56	63	45	50	111	54	87	97	38	28	15	21	63	29	7	39	32	95	93	23	59	122	29	0	65	115	56	6	80	87	30	14	66	72	122
13	97	30	49	19	114	84	120	97	21	74	12	47	85	48	85	84	98	5	120	114	111	26	29	95	108	6	72	16	35	90	116	59	78	90	107	30	70	31	0	11	54	92	45	82	75	78	89	4	88
85	3	96	62	60	65	60	78	106	25	21	56	7	58	28	26	64	65	76	25	97	91	13	6	68	69	65	18	5	123	43	110	4	75	27	50	44	58	16	83	0	76	82	49	53	57	22	69	22	87
42	124	20	11	17	107	27	59	116	47	96	90	87	123	53	88	61	85	119	1	114	55	70	48	117	90	98	4	122	57	50	20	48	119	18	59	88	66	24	74	36	0	121	84	59	14	19	83	33	112
20	47	48	3	124	77	73	74	88	82	36	97	37	6	68	47	123	7	45	121	76	105	25	51	21	53	2	31	107	9	123	71	22	96	112	24	89	97	108	20	122	70	0	85	30	31	51	32	71	22
88	78	91	116	87	96	11	107	123	4	114	120	35	106	93	106	16	52	11	104	82	8	25	31	50	79	98	40	115	43	88	23	98	78	5	82	115	1	21	6	88	19	83	0	17	5	65	25	113	44
31	82	117	58	26	38	36	59	61	76	46	23	75	9	32	108	16	27	34	41	97	60	101	42	122	104	109	31	49	26	76	26	19	14	115	12	69	8	121	58	72	83	7	112	0	64	56	27	55	49
105	72	42	26	109	38	124	7	62	66	120	68	70	103	45	43	113	1	6	67	13	30	58	21	86	108	116	32	19	56	107	13	97	91	6	72	30	94	28	108	66	31	45	95	73	0	123	48	64	99
93	59	103	5	13	116	59	20	19	37	91	123	118	48	51	18	25	23	50	55	58	116	108	67	4	94	68	13	14	90	96	96	6	24	33	65	82	91	85	43	6	16	64	37	31	19	0	114	40	96
14	47	49	102	52	58	115	86	77	9	57	98	89	87	12	12	77	113	26	11	14	114	31	67	88	114	116	62	26	85	120	73	104	51	2	37	48	2	103	108	69	31	62	24	74	42	39	0	55	104
2	96	80	89	32	84	54	58	116	33	50	58	26	122	12	2	77	30	53	113	102	24	6	39	84	77	9	59	19	27	118	70	7	114	82	71	93	20	46	120	32	21	31	94	58	70	9	114	0	39
1	103	60	19	84	66	95	82	86	94	48	13	107	103	20	87	42	67	14	46	5	102	114	37	7	112	97	107	19	78	60	3	36	26	121	26	93	54	118	24	17	18	26	70	74	74	77	100	94	0
